291.84906
196.49217
503.97845
386.23352
102.1859
135.1177
202.89426
67.21449
216.6768
465.49854
530.12573
173.47794
157.0395
130.83487
178.75916
251.97217
222.47589
112.33743
94.76509
110.80329
173.05556
237.90335
102.83617
266.5796
119.28844
112.80794
227.45517
212.74182
345.1877
292.46582
105.21249
172.78506
278.5282
136.74998
77.97678
327.5362
197.67969
292.97943
182.33943
149.27774
301.8129
253.06891
120.37744
146.96184
240.74004
320.85535
96.46903
173.24504
237.60596
280.24313
90.31941
191.99344
104.029854
158.4877
104.74191
200.6774
235.6684
185.88354
133.64886
131.09529
82.76404
136.67773
91.84766
95.39014
134.31784
297.12402
123.6543
195.48041
103.091736
156.03543
168.49036
171.93753
203.93811
132.74164
77.69937
152.98615
200.41167
210.6177
119.14479
172.34253
191.2214
175.61243
291.66437
128.20142
136.55365
196.842
101.15973
155.53052
142.6464
131.76811
127.23009
158.5747
94.65815
105.22983
88.34442
129.22478
171.15366
116.35569
117.65881
123.64476
175.23318
82.011154
201.48323
136.57352
106.45047
137.4512
129.46208
156.95715
112.87041
177.09006
143.19638
155.36395
214.85455
132.84854
188.04376
142.06
188.25653
178.01517
149.92137
166.71007
156.91249
88.45468
138.32251
225.86615
275.21893
587.51654
353.93787
159.46222
242.70862
157.47777
166.08417
108.898056
422.09595
131.50175
264.4807
60.75106
183.62228
346.55356
121.3873
159.33496
314.16202
87.59628
98.08745
114.26247
246.76146
98.45578
140.62764
77.02999
210.54195
171.29991
261.80347
151.56943
121.29758
102.184425
135.40808
107.61604
148.20667
196.34743
74.43915
171.19766
280.80774
234.65768
69.86039
161.51625
183.57486
82.74802
161.7125
95.26732
188.33545
171.61786
75.23663
257.7467
145.27539
91.174805
161.09766
135.7206
72.25989
241.60474
248.86034
81.15283
202.1247
166.02716
118.54289
91.24413
324.13123
113.884415
253.3665
118.89168
141.49255
79.7392
107.32695
122.56158
93.21464
97.372696
144.22942
140.54936
113.001236
118.427025
143.24097
175.2585
100.26935
156.33018
106.72366
110.90088
150.99756
122.110405
220.88272
98.13934
121.561066
132.34149
102.8602
216.86783
154.14096
153.57617
99.54391
134.77469
101.16747
79.4545
146.9054
116.47294
214.72144
93.15643
125.56053
122.51977
98.17723
140.81589
110.27062
141.7811
143.52534
159.91777
108.205734
130.63022
211.63695
169.90771
164.76555
182.16719
141.7076
180.69316
114.34578
188.3276
178.01202
152.4919
136.4551
142.3999
407.21185
83.00165
90.21101
103.9085
204.24692
107.92322
232.9122
94.33433
504.47525
231.06955
214.92987
106.44418
298.94855
234.7585
296.82678
88.97432
84.43485
285.85675
142.11151
242.39235
148.81555
88.69197
183.09549
106.95567
129.69702
79.289215
299.95282
98.61195
146.08119
241.61127
245.49928
192.17874
187.42139
118.32506
140.77321
78.88925
72.17675
244.2071
112.098816
72.44484
126.80169
63.506973
65.31058
104.36316
135.63895
128.45929
126.461555
66.843666
62.322395
103.339874
220.14145
61.120285
128.5514
222.62112
126.27066
143.74435
96.9201
205.56071
137.406
100.63829
75.31523
106.54696
123.33395
162.95602
96.81712
81.36437
101.73793
141.73248
175.23886
84.88595
69.31494
113.045586
170.8793
84.31476
191.80734
91.44597
131.54248
98.16998
108.05185
166.80646
107.71008
90.9489
98.95021
144.1691
168.95055
224.74078
164.10617
77.26315
135.51918
84.298996
106.50579
145.7011
85.68002
85.0916
139.80893
122.58864
112.08574
153.54102
123.61381
178.26685
108.47521
144.37434
179.49869
175.14676
111.78026
106.17241
147.78714
118.42668
107.33825
118.80175
156.23059
163.4527
126.414314
108.14644
167.97409
151.01819
139.38718
135.8408
126.469734
167.67023
346.96588
105.441895
170.45735
263.5127
123.520004
179.78732
223.88388
274.0758
234.57019
294.67648
225.08278
161.57845
465.59222
284.0872
90.361176
148.15921
180.35231
65.83805
80.302216
71.40607
187.00299
120.14007
123.84093
90.29254
221.23833
111.095215
74.650696
124.205
60.22509
90.513885
71.186005
221.54617
200.99016
52.22116
215.14148
146.91902
157.40495
206.99055
76.88094
88.78825
66.34919
76.52455
89.71482
90.800255
81.95908
224.04816
143.5146
132.60007
105.18104
70.47336
97.48587
181.02975
79.42268
141.3153
99.83336
63.604465
180.44885
88.31912
157.34094
141.23373
59.104694
85.20645
115.073395
133.72098
72.597404
123.079765
60.59375
142.28711
114.020584
138.36609
85.55969
113.872955
113.74483
131.96118
133.41791
143.08748
164.45782
149.93652
114.24781
112.420204
136.51476
119.62357
137.08485
119.29578
101.36997
98.44902
90.28618
63.357094
118.86403
99.45413
120.69413
121.33403
96.32272
96.9845
98.97804
127.563095
146.43513
81.19122
81.674805
105.07968
75.58407
119.59453
141.475
107.972496
80.21763
78.429474
99.71614
63.775734
72.23593
142.49777
135.76578
107.104294
90.868454
104.36557
115.114235
96.38432
90.74602
98.828674
128.02182
109.977295
165.58109
253.3304
91.43152
52.966324
362.81073
117.7532
91.65552
79.916565
116.74893
226.77574
170.09584
69.4996
80.95345
89.48357
404.64484
227.37135
221.28801
271.95593
212.90479
91.733475
60.56921
221.74289
174.324
156.04266
96.469986
55.082664
114.55519
187.59125
156.25476
197.08722
186.60141
124.19645
53.169044
106.36444
106.61743
194.12782
125.310646
81.62338
65.312805
189.03928
54.15816
154.26138
83.125595
124.52344
67.10512
141.45987
64.96646
76.260574
46.136475
70.33716
99.987465
244.68301
193.93964
104.76044
131.6365
61.64261
107.889984
74.03622
101.39589
104.89223
134.66765
122.6618
143.53427
98.4312
118.81513
112.148476
69.071884
70.50719
73.42801
71.47795
170.22154
128.13474
141.95096
100.15843
125.72783
101.52174
68.15228
67.299576
55.884888
89.70704
103.23894
128.30367
109.59356
74.85482
58.698776
72.07145
95.86076
89.20705
69.34102
120.02055
89.811386
145.2237
120.021576
95.56152
85.90314
90.31149
68.11884
88.11861
86.31119
116.75122
147.13141
89.5213
77.80081
87.5966
74.8255
88.24891
108.68323
81.18442
83.201355
105.97049
121.66267
101.60275
106.11494
109.94129
117.46736
79.67452
84.00337
138.06241
100.41979
127.14658
115.131165
178.32703
197.06674
72.37349
213.797
233.22362
107.2482
123.7554
68.148636
153.98434
190.25552
120.21842
57.461323
298.909
63.242218
62.917793
215.8522
65.89136
371.48126
90.967636
121.91979
149.58298
92.05696
44.456905
73.7509
53.517593
143.92383
151.31189
49.02484
64.70924
113.867035
97.06249
204.65665
95.05413
106.148636
136.95987
62.34535
211.00745
59.963097
213.5086
181.16165
168.08875
143.40324
75.42673
121.058655
153.35208
110.56979
118.99406
79.66766
189.77252
56.972794
146.14279
62.76393
62.491302
86.60291
238.08176
77.211426
99.73851
121.570816
101.16352
61.563904
64.95434
74.0447
47.32002
80.08199
93.971146
73.43285
63.224453
70.022385
75.43073
52.829475
77.74709
66.65384
109.21844
61.890934
115.338
69.38127
45.576065
103.93586
69.04556
106.18085
91.18016
83.83753
156.19571
94.24585
140.4457
67.14594
57.539516
115.39217
95.48021
53.143723
80.52075
107.63755
86.478714
113.0281
95.6651
81.29799
82.42944
77.71751
61.136482
70.01805
84.91719
112.27876
82.07344
104.4637
111.66087
81.17929
98.61098
95.40234
94.286705
76.51016
93.88039
110.25931
81.61908
77.477615
87.75896
92.91036
96.11992
101.76385
111.03157
115.09624
107.55565
173.59273
146.77823
174.76862
344.9172
270.60892
321.625
84.6205
57.767563
68.06004
197.04807
82.87666
200.35294
56.656826
64.57721
55.634964
40.516327
36.935604
135.22641
176.07835
43.925575
92.92998
110.194916
90.810356
68.554
57.010433
52.94532
57.375088
72.17874
62.33699
53.268097
111.62486
65.8924
92.147964
206.30898
172.91246
196.56836
49.992023
167.91528
95.265724
53.94851
69.80397
52.425694
86.6158
164.37398
81.35508
46.117165
132.17854
102.109024
76.387825
55.825424
83.14135
118.259125
120.2254
88.16913
63.977165
162.01462
116.454994
70.49063
88.66876
103.0484
87.14913
156.7442
59.654976
93.83139
95.08867
65.36659
54.453796
46.743744
73.47214
66.263
68.67319
99.24258
82.49352
159.05957
60.33136
107.723625
111.00425
90.89176
65.51853
122.64041
48.79349
83.35977
71.37054
122.20293
60.628693
137.09468
110.39337
70.5807
148.52322
68.60681
98.17545
74.162796
92.24221
81.47727
87.76553
98.48174
96.096436
74.79115
76.01584
53.20371
64.29809
104.09857
55.887245
108.56566
94.63631
81.44698
86.95626
92.75214
86.62306
118.39662
69.15479
53.52234
85.80562
75.22451
75.85872
54.21241
76.54814
75.86843
72.98506
100.62623
95.717125
176.91678
96.441605
52.01024
57.41229
101.56989
192.4982
199.03485
57.782574
40.77717
61.137596
208.09352
50.335354
96.9119
44.44326
54.611305
49.382423
42.69714
62.86423
172.9096
354.05005
118.0226
172.59903
130.60963
46.056915
59.321648
103.76788
53.00965
34.643578
55.586285
76.42665
75.3579
41.382893
84.242836
249.1308
61.76685
76.17273
153.31879
90.79317
82.54331
58.380505
144.20496
95.03244
67.84508
63.567535
131.20355
86.84187
65.92062
53.793556
95.259384
71.979355
125.89448
64.088295
87.09572
79.42869
116.28194
56.999954
80.17595
68.46754
133.34625
91.653656
80.25246
58.956272
61.91604
57.25708
145.08588
62.734932
39.98679
121.25581
170.17407
61.932365
159.19482
105.81413
75.45404
78.648895
56.97431
43.32309
75.29524
66.640114
94.26103
89.394005
118.67792
68.66907
58.24588
66.01995
136.44528
90.95039
53.52585
48.17164
51.24767
80.479095
49.997402
161.31929
68.810104
95.218
94.46302
126.934814
80.18882
40.551826
41.100807
74.55592
82.62652
96.87221
71.070366
78.40702
128.96828
63.415672
86.77261
93.16895
84.977554
48.430473
84.792564
73.590836
74.25903
59.226177
89.45171
68.71495
52.132454
68.74639
66.72921
65.490456
78.648254
45.305458
154.84784
111.76935
90.627525
34.52059
321.5378
164.14455
79.06419
52.31219
145.6703
75.945465
176.23218
72.86619
225.13513
83.31854
178.09583
49.5744
68.891
74.31793
73.420654
32.120007
63.258812
107.93031
75.15359
38.902
83.09289
64.689575
136.86652
70.18317
151.0065
126.02817
41.275475
128.84796
61.83156
170.73819
112.86065
58.806667
153.5354
136.72969
36.476135
141.81223
111.60918
111.09291
52.1859
66.44125
57.700195
35.58565
120.258804
69.262726
55.13291
98.78591
82.94522
115.08846
49.81181
48.71727
44.505814
78.00786
49.546814
93.93262
66.01773
48.520992
46.317986
43.76171
64.27945
37.9764
52.104137
92.62791
84.92728
60.090042
67.76775
69.89854
45.037643
72.5358
58.23535
86.67259
41.70607
110.182976
59.297054
99.52699
61.384373
48.07738
44.80414
89.0957
83.60412
59.182587
73.23909
78.940216
83.67451
68.01602
59.096775
45.256844
69.19736
69.37242
72.668564
80.81624
76.99349
64.61527
49.00065
48.99124
41.223236
53.338707
56.76377
74.566475
75.96116
54.945503
82.44011
56.28782
62.3269
50.66676
59.749813
59.71534
55.992565
49.010452
59.335068
98.91922
94.16069
75.157
73.59952
60.381844
67.098404
67.66366
73.166626
38.34939
59.13176
43.47112
131.37953
79.335014
159.12994
272.15646
173.0817
149.34135
165.43457
235.77362
54.05255
122.18009
122.77721
103.34107
69.80472
205.79543
45.00658
33.56063
48.675537
65.7803
72.511536
57.796776
32.36359
135.56789
48.84084
31.707079
75.404434
69.439255
105.24714
56.42208
39.425648
62.521984
47.29666
60.48671
69.55165
114.29522
78.67619
57.312157
84.96217
36.882347
40.59293
42.064808
50.79415
110.48738
82.08424
43.551437
77.91814
112.71384
56.813583
60.299488
43.216183
84.86709
73.84872
159.93948
73.37995
35.559525
85.08826
34.826088
45.59531
64.24013
52.83415
88.51453
40.742943
46.134964
102.34539
63.63407
41.458794
54.90702
63.051296
36.425835
77.38585
55.309006
50.331764
71.945786
57.147514
71.23396
41.99134
128.74478
72.59402
81.601006
105.17355
64.35704
127.56543
51.47959
46.810722
68.34009
58.9392
98.61525
75.80838
104.012245
79.393234
74.97903
44.027206
40.187325
48.456196
63.742367
51.482834
64.70654
59.995987
67.064255
52.072998
41.522316
72.347534
37.053513
59.64061
54.079895
58.345726
57.592327
57.478695
44.831703
52.857002
52.237076
46.281345
69.20492
77.37993
58.557365
74.41632
56.702335
53.370358
101.0388
125.420715
38.79641
44.901802
40.803226
122.673355
57.969852
82.178566
31.36894
44.809578
119.25737
229.67665
76.99474
83.50436
33.866028
89.81942
32.587097
31.980175
33.488766
94.99185
110.12666
83.510605
65.66591
69.22246
229.27118
42.391666
28.35873
66.56253
142.61685
47.654972
41.605785
32.668888
215.97333
136.0211
105.53924
78.198944
57.366142
51.730198
54.94872
74.4559
98.78723
32.075367
147.52959
120.082794
39.400406
73.3731
69.49035
33.41813
40.057186
52.44608
33.661465
58.122353
54.599148
58.407707
45.788376
53.64366
97.7785
38.821556
41.460247
63.749508
45.063995
46.061493
66.360275
130.12961
48.14512
112.41443
47.512676
61.556816
86.82959
60.121025
54.314316
139.64377
63.98697
42.24008
77.665665
45.83709
56.638298
76.03954
50.965626
77.3481
53.687126
33.694122
63.891033
89.52443
44.5367
79.8188
39.765297
47.14396
63.685932
65.77988
64.421585
49.815987
62.482292
47.438187
55.999207
50.52394
61.636612
60.71781
48.693825
36.39881
59.82332
40.84744
68.3365
69.85638
47.912003
38.980843
54.98687
69.2617
49.057358
59.92527
53.199783
42.593384
69.27711
65.44721
47.434547
42.534225
44.638123
51.21483
43.526825
50.557
54.97138
65.7699
70.8907
53.054756
133.3824
172.75763
29.178871
226.87111
175.09811
125.261826
58.100605
65.492355
35.683243
30.36778
95.54305
240.1141
135.69063
63.917698
35.069805
37.77061
28.324333
33.707756
79.44212
34.774986
34.633495
41.305305
89.77136
91.32001
52.196976
31.433203
27.021849
93.35607
52.111794
55.34823
37.840267
107.718636
39.90958
54.091137
110.13541
31.025238
36.35477
68.083336
34.347713
85.90483
122.61547
48.378517
43.301292
55.56991
43.270844
34.516983
46.44487
46.668022
41.517334
45.669197
80.249344
55.3198
37.63207
38.640358
49.138657
57.90818
67.37729
87.0219
37.97381
35.663223
53.1633
126.66217
127.97844
50.628532
30.772274
69.13327
54.149956
29.293198
107.19647
47.379845
38.15745
59.397064
59.371284
45.279526
53.78924
56.87535
44.991055
65.70067
48.48475
32.390255
65.11134
40.99449
51.85016
85.88287
33.21743
42.714306
61.428825
43.543823
30.021107
70.51911
57.753025
64.208664
58.487495
44.2432
69.13449
40.927017
51.203003
33.70871
46.081387
56.708286
49.24514
47.33468
51.53758
68.66878
41.465927
80.36795
48.826782
65.27707
69.275154
61.646275
41.170914
45.55167
55.32278
63.253902
66.11624
40.402725
41.43866
45.21714
100.9875
128.37889
96.0901
128.70755
269.74542
41.376247
37.661354
25.269531
111.10863
32.5709
47.828808
48.20231
176.01945
27.96811
35.33522
32.07541
100.88829
142.2667
30.308052
95.18483
31.368813
38.32205
48.224327
33.976418
46.372784
121.36453
72.49693
84.998825
44.396458
29.262768
89.258354
35.19027
74.556145
27.60688
25.56207
30.46712
32.565983
30.189178
31.845446
97.74922
38.888165
25.217514
26.743208
74.82365
39.538162
31.524511
33.37748
28.638779
51.199715
40.840103
54.380367
79.844444
48.071655
35.90358
38.71296
38.15136
40.94902
107.80464
44.520245
57.801872
54.50211
28.521732
44.87435
44.717728
60.748035
55.665283
29.923656
28.531998
34.36891
33.452026
39.206856
47.521416
40.872486
55.967796
38.326427
62.739624
63.100048
48.206154
47.2163
39.166023
69.66687
89.33448
102.03839
61.119118
46.562687
102.49495
49.13634
73.34253
59.972565
55.401573
47.62564
45.84382
35.76944
66.43935
65.73004
56.175358
44.40728
66.19516
39.020073
48.585266
56.03896
61.404045
53.485283
52.393982
68.39783
44.64973
40.926193
63.425087
54.085934
39.46248
39.015945
60.537064
42.931534
57.0757
51.103043
49.228615
53.688873
42.90989
45.936203
57.36228
40.611237
27.645258
34.396595
156.2955
43.334553
78.11876
26.697063
109.736786
104.467186
26.950972
23.906914
29.912262
47.574173
161.9739
163.47314
58.092316
135.74536
100.796196
39.01515
39.156494
23.435291
28.829777
36.834938
29.247746
84.07115
29.29417
81.48743
91.74314
25.168642
46.26028
34.925537
52.79043
73.837715
185.47433
57.974434
30.439632
48.921455
58.553158
45.404022
47.307327
32.55304
38.69786
40.697784
94.99337
97.920006
90.06633
40.43584
31.183535
44.057877
26.091694
56.569748
53.328503
28.598927
30.95322
33.679665
52.49024
37.366653
32.789627
70.77193
48.278763
39.25916
34.517773
55.652977
31.63006
30.530634
51.827774
51.680786
65.92108
87.85907
41.38182
41.18225
32.04812
33.204338
80.502594
63.7407
57.954445
25.944233
35.944294
31.401346
45.31537
37.939377
34.398716
29.42754
35.453995
23.561924
44.50169
49.416534
33.897705
47.808365
40.368874
49.189957
59.640373
54.934273
73.51833
44.161545
27.266613
36.711254
77.75421
55.673294
55.40654
39.028896
36.267735
49.91125
36.096077
56.98636
45.38494
50.823845
39.000484
45.28382
35.74427
47.289246
41.433372
35.70114
63.258934
38.91131
39.01472
63.220467
40.826996
47.98386
49.564976
37.868073
39.04342
84.92731
179.25148
25.170938
23.30428
45.270554
29.873314
28.438469
95.16556
76.6073
103.43935
56.06572
128.0905
36.21475
64.400635
38.46734
43.91948
43.871826
86.51695
25.448685
37.078484
45.685936
25.619753
39.28477
32.801403
100.191666
38.352196
43.189705
59.717113
157.03998
37.404884
103.33884
29.597923
24.990063
77.44516
61.121887
46.392593
80.41279
67.901276
68.058304
27.48273
27.32658
89.3056
52.64771
23.714096
28.893562
36.264244
119.82112
47.92711
38.102375
31.862072
39.422333
34.588886
32.941917
52.593044
31.545193
28.266016
32.872192
31.859066
26.081545
42.4283
33.25852
42.022083
33.710632
64.589005
43.120575
30.748253
26.466644
25.971153
37.24892
46.372513
37.458008
76.61686
34.064083
32.294083
23.28459
54.379875
46.196136
32.356106
52.065857
32.93514
51.00853
35.95199
29.244932
38.35579
43.606075
26.888386
29.519146
28.309792
42.17937
52.415497
48.95742
25.26083
50.790287
24.435387
35.393776
55.28894
63.931572
72.441086
47.17785
72.92279
49.85914
47.871346
36.99532
35.05152
36.551907
50.936363
34.789314
33.8942
30.666857
29.198025
44.77345
41.77033
32.891716
34.515457
38.204765
36.09267
47.65831
31.092928
33.58101
45.191353
42.63458
52.625465
134.12155
99.00658
225.58424
45.0016
97.31409
110.74658
23.494162
38.752575
21.06329
29.905283
61.094498
29.277317
20.445831
30.151302
44.722214
37.539833
41.540333
78.66641
65.01427
26.791582
77.05294
34.33138
105.70294
26.400555
35.421856
78.93828
45.818752
21.816654
22.912722
75.61022
23.509716
89.712265
33.596436
59.166573
42.51544
30.285446
25.665306
38.825645
73.408066
40.1791
79.909485
27.99987
20.553505
38.217842
27.49075
20.419783
44.26307
39.714016
58.691383
28.101904
28.848755
25.435616
47.83255
41.027016
39.30175
43.097164
28.772629
25.60422
26.080326
33.51278
53.77659
48.147648
69.24465
53.414433
37.816734
48.807716
23.541689
58.227264
27.088104
32.899513
25.23181
32.330334
65.027794
34.876663
32.32013
28.427834
27.25137
40.515358
40.537132
30.010126
40.467537
47.212143
29.090313
25.651222
26.490976
45.247066
43.15451
42.375427
41.72866
37.40294
32.090614
38.72651
27.47536
34.155167
66.78801
40.35633
30.94512
30.508581
48.0398
32.204224
43.628887
58.261703
48.230072
44.521927
50.94101
24.281296
40.72095
47.32737
28.499344
33.385605
34.45522
42.91981
51.406258
33.150536
33.20039
44.142525
28.20927
35.928246
30.158108
36.190655
31.414524
26.489708
80.035965
192.37827
132.8315
160.4634
68.480576
36.019775
21.729574
88.64292
53.5912
19.68586
21.752657
69.267746
44.088104
93.020386
57.606476
35.35585
22.550842
32.10605
69.205795
32.440025
84.42789
22.036364
23.622261
32.0589
40.13705
38.09494
28.957336
51.47909
72.34434
27.530611
23.518229
69.22566
39.32728
29.27814
22.361328
28.836845
25.463406
35.48742
24.041346
52.867817
37.333504
28.795757
27.704226
67.762985
40.135124
35.679825
20.954462
69.50488
59.93178
41.730446
62.281013
25.28661
24.87551
24.815323
29.386024
65.138214
37.519176
28.532473
56.191956
28.091677
34.745285
32.922318
23.253647
44.90927
30.029701
25.153374
35.96452
26.321985
20.072462
42.60292
37.94798
24.765247
37.9647
37.935257
40.492188
39.762875
33.280407
33.24518
27.805534
24.962551
29.355873
28.554623
21.273087
20.377144
30.213112
20.561092
27.871498
50.11914
26.030455
29.231363
31.507404
43.608185
25.17735
39.18548
38.842968
34.23607
48.524986
36.768425
43.036865
32.795532
32.188934
24.074934
36.97876
43.17508
45.2731
42.835148
25.796741
35.58261
40.250427
43.338352
43.936005
35.208656
28.366566
33.400665
31.588053
35.701363
39.013214
47.708294
39.969788
25.270039
33.63555
40.76052
18.771347
68.37903
39.773155
69.64752
176.82533
33.516876
34.994446
22.767101
68.94433
27.042658
93.260574
26.171474
36.43374
34.50643
79.63497
35.446114
74.25286
25.38467
27.558138
64.413
51.980087
31.3659
19.904015
27.323778
54.684433
33.96054
19.50941
23.423855
18.220161
29.552597
27.21157
37.664448
39.60684
18.964607
37.16909
98.2163
24.41337
26.26953
66.67905
46.959126
21.208555
40.598404
24.922039
23.811474
23.075346
49.53962
33.57823
40.310463
36.816586
26.71938
31.575062
18.891296
47.125595
26.336605
19.745003
51.385315
80.13933
32.87497
53.802917
39.881584
47.13604
36.30831
70.87848
40.89983
29.403221
37.016216
57.93351
27.665977
35.169594
20.988445
36.657257
91.99629
40.651676
31.594488
23.145021
40.930153
46.86583
29.719795
21.253813
23.227432
29.944225
51.039795
29.99792
29.020271
28.863964
27.271183
19.950817
27.28741
24.213514
30.481655
23.286657
33.20038
34.26886
28.754587
27.60537
23.880741
26.306538
21.349155
23.355343
24.922815
56.797585
30.517828
41.575577
44.428673
37.389652
37.430454
45.046288
29.117508
29.848568
37.666157
39.528614
26.175789
35.770554
34.522594
26.129253
35.505333
35.27343
34.311707
33.29551
74.047165
40.369637
63.500828
100.046646
66.31285
29.417805
68.84648
51.175713
53.19806
23.988754
64.11203
19.430819
65.697845
116.00712
69.47862
27.62058
35.922623
31.593632
18.82
20.24665
19.463383
47.512337
29.520113
52.849663
65.8801
47.121418
103.32704
17.520992
18.119255
30.74342
21.632744
35.15026
24.15516
39.56011
20.885952
65.93507
27.520645
22.946205
34.53008
20.990982
22.732883
38.378555
29.624985
43.607956
76.94588
28.9272
29.090927
27.163994
36.6941
20.158785
23.008293
35.255123
24.632412
27.55119
19.10722
42.978798
21.169535
32.87238
31.39472
25.346504
20.340687
30.002872
38.352306
46.704117
49.108463
28.511513
29.168549
19.146946
23.803827
34.143143
33.86288
33.2356
27.937584
43.009163
25.351738
97.22841
31.051281
40.008842
33.40636
19.660194
27.11226
34.102818
22.13683
37.05529
33.294197
26.708572
23.722984
21.113052
26.462967
23.101128
35.60515
35.0337
39.109818
26.119877
35.60449
25.931065
21.003338
27.36644
26.315437
30.563364
22.520538
22.520298
32.75099
23.619595
22.812641
26.356237
28.003063
25.023918
27.060404
36.544918
34.80819
31.091345
31.537361
35.848183
38.049362
37.802727
28.796234
27.028507
34.698982
26.955883
70.26984
20.07309
16.078434
50.92597
88.74023
36.472313
24.703434
23.487974
28.592438
32.766052
55.97038
68.96232
167.25919
54.464592
36.235256
33.824245
56.791042
59.455307
26.15665
90.01544
47.307213
18.806402
44.65349
21.374657
38.292778
52.378242
24.13649
32.910225
27.527454
17.840553
16.635418
20.375334
21.448355
54.688
68.277245
65.421
21.555342
58.93458
39.045536
25.53912
17.242336
30.502714
38.438747
17.511784
39.352676
29.094473
22.868729
26.980755
19.808819
16.80402
60.22087
32.71471
33.915718
28.791943
19.254326
17.20992
26.992481
33.481354
35.843956
42.096878
24.911947
42.065453
29.125277
32.76202
25.246948
28.882172
37.135857
26.105026
22.046497
31.666168
25.118961
23.017256
23.584507
30.885715
20.971272
23.910328
30.141617
24.452423
21.13477
24.814936
29.379375
31.63151
25.631615
22.77095
25.0313
23.075657
46.965042
22.80915
21.332745
22.275112
37.975857
30.865362
25.291233
29.501398
23.701122
23.239588
19.814629
32.19669
27.302834
20.84436
32.298767
19.287153
31.29344
19.566189
31.911335
20.245144
24.829327
33.265305
37.064056
25.19799
37.993477
30.47209
33.447594
34.726395
32.28215
23.720884
26.045738
23.934797
29.911816
27.459948
32.355965
83.191475
21.772072
24.915691
55.141808
18.286795
65.94713
63.771206
33.35903
40.687378
36.005306
56.697548
19.196926
28.212051
29.311031
50.974445
18.154602
79.92189
23.678352
34.297234
18.583006
24.145935
24.61765
26.833948
16.867455
47.245792
68.57241
46.39863
57.712135
32.17092
141.07948
22.798635
22.734823
35.005913
44.505928
25.960997
46.068024
26.08888
56.882904
17.405447
19.61903
22.14749
39.459167
26.608114
25.088535
36.559196
17.507252
19.35926
31.543455
26.071795
25.028034
26.113674
20.96893
22.325407
24.221796
20.08102
31.839918
16.88038
28.126743
16.604847
19.320301
28.424839
27.889961
25.533401
24.461725
21.05076
27.31911
34.067833
24.359653
60.906998
29.97753
33.828686
24.06443
41.161957
30.275604
24.433575
32.32752
45.28457
17.354641
28.992565
58.875023
49.43624
28.457853
20.815285
23.129967
18.792938
31.415733
18.04833
16.248646
29.57603
22.538023
20.195114
23.558037
28.285473
24.943775
24.448643
22.763138
22.178877
32.50634
36.934586
29.596561
31.184355
25.559032
21.785984
32.3092
23.812737
30.223475
20.382822
28.586002
29.405216
24.740255
33.144753
25.332153
50.169727
26.39563
24.120956
17.867477
33.54809
30.963842
21.324427
25.950375
24.656422
20.237192
17.20757
37.48237
58.219902
38.493324
17.558361
58.42486
67.34685
15.581347
36.500473
89.41662
82.74823
69.364006
66.17436
59.91671
50.05918
39.110817
32.18547
111.93748
49.336323
17.001953
24.138536
17.764088
18.92658
25.616034
17.511204
19.013832
21.09452
22.843288
23.362455
30.736303
20.46219
26.596695
15.972751
40.923187
20.79508
16.57389
28.699118
18.486023
36.225166
20.460274
23.588602
56.506866
26.589586
35.71267
28.025702
43.601807
34.00939
16.621592
17.6556
54.57168
36.586906
29.972778
31.039501
24.009274
20.593258
21.431725
16.959888
15.567548
26.007936
27.460083
21.069399
29.12651
32.565765
22.623823
22.99421
20.802431
24.553295
27.851862
22.400358
25.923004
24.835615
20.23312
30.23463
26.86743
31.113712
22.264412
20.301527
20.400326
26.672081
15.900546
27.44508
44.770542
20.561975
20.47163
41.514076
28.127607
24.053457
27.742783
21.117119
38.475998
23.687557
27.706911
33.42743
17.821133
21.576674
35.073483
20.875095
24.463488
25.272215
22.628828
21.917727
27.393288
24.930798
30.876755
31.259819
27.246277
32.10693
23.545479
31.931166
24.718075
31.2191
18.963024
23.963903
22.43747
30.026146
25.519293
22.834404
20.962997
26.470093
25.598917
58.396996
132.51155
68.23732
17.933138
21.93166
25.535294
37.07979
53.22695
16.325157
36.512142
17.536213
31.109156
24.39375
46.642563
24.995453
19.407051
21.480032
27.962177
17.079466
44.19831
69.36398
23.314688
31.977524
81.85608
17.377941
70.06821
57.398827
23.807755
20.868126
18.469543
43.44867
20.529448
50.768654
42.890167
19.798918
49.98846
24.473507
18.483913
26.873375
19.166853
40.45367
18.207323
38.145493
16.069382
24.71595
16.48845
44.982143
25.923326
34.18492
27.81451
24.196186
19.806412
22.433014
19.314878
19.291174
19.286911
20.755001
21.925676
19.455776
26.05535
27.548752
28.539093
35.779358
20.377
36.494915
15.0192375
17.319841
18.31491
22.21211
19.475105
33.58582
16.058807
25.307072
20.479786
30.164734
20.921183
30.766926
25.335278
29.875132
35.844887
26.309772
26.005486
25.69144
20.018902
21.299065
17.673178
28.158823
17.138573
20.12335
24.656433
21.054897
25.097733
22.95784
21.57808
33.033463
25.594294
32.16456
22.407505
16.134403
29.37577
29.270258
29.182873
22.612122
23.789246
24.384571
20.72082
18.914923
25.388557
19.977943
27.91275
21.476036
27.340256
21.882944
28.213688
30.225452
18.971796
33.086624
21.567505
26.93587
21.09434
23.033186
31.311155
45.2517
81.231766
33.324738
30.465254
52.964745
57.69715
48.200974
55.793518
24.49218
16.885292
36.89581
48.01255
55.600998
35.76754
49.019722
21.347912
16.390814
14.442406
20.90184
101.34031
18.723438
24.620733
15.542529
31.139614
15.888823
18.92848
20.937508
47.26857
33.72889
29.057556
22.487425
21.659332
17.248062
20.710064
44.206673
30.079197
18.646774
21.679605
18.929304
14.948502
17.159039
22.390099
42.77409
19.906292
16.769562
17.205963
22.718697
18.860773
16.717793
19.01582
30.915806
38.002563
23.941936
35.98178
20.721672
18.524809
22.651533
17.867407
24.895771
14.968088
26.328602
26.77654
28.62569
22.856377
15.139692
37.57957
18.84713
38.17881
26.806654
31.81177
17.35759
14.9298525
18.654797
19.088493
31.819607
18.905138
33.02086
25.602333
24.049322
15.938238
19.424725
22.791328
24.41668
17.696129
21.144638
31.896822
24.694801
26.866106
21.40225
24.866138
19.830278
18.85159
28.532036
20.520214
23.427841
21.118774
26.63239
22.83817
19.504972
26.659382
24.577463
22.456518
27.647034
20.990284
17.660538
29.578588
25.23428
26.399523
22.494377
31.018215
29.048523
19.888443
18.267729
28.544838
31.036371
30.8894
30.274055
22.629078
21.219122
22.272045
14.434099
24.903748
48.859043
125.683495
98.472244
49.20729
14.9305725
43.1988
50.32483
16.583794
34.21422
14.294883
39.38156
25.777546
41.868515
14.95496
15.887239
32.809227
20.7987
61.54853
21.941784
14.09742
17.719025
24.121721
15.87534
20.59451
28.87078
29.021486
14.565029
38.51374
22.814213
17.642227
27.896065
29.993454
18.557785
45.996784
24.421991
54.502327
49.89482
26.709146
17.50481
19.120853
38.390625
16.161453
20.885998
21.214317
13.949072
18.417046
24.935833
25.603207
26.290707
23.718933
22.945072
23.648027
18.494408
20.883179
14.209361
18.558561
15.756007
18.903389
18.50341
16.994123
23.256746
26.86699
15.586525
19.210789
23.073687
17.633675
24.593029
32.025993
42.384686
39.792046
25.314188
44.375366
38.981647
25.818977
26.087189
20.213188
19.194351
20.059462
16.55095
23.036861
22.69611
21.174345
27.059624
24.22132
22.221336
18.47407
25.379566
16.856401
21.683056
21.366776
18.854105
19.04308
28.60458
19.61509
26.386402
19.217094
15.987774
22.087708
26.73269
20.16176
26.57013
25.636528
22.856934
37.44585
25.088009
24.332539
28.12031
25.914923
27.53978
24.910381
26.652191
25.858448
21.007795
18.054993
21.448296
20.036766
18.921602
17.576813
22.63367
17.041988
13.861666
21.836893
32.852345
22.442627
25.692686
23.548313
14.700248
98.26453
106.778854
20.131157
40.584885
14.708604
46.51767
41.055046
57.673508
22.520994
28.09332
16.304604
21.097433
40.65925
14.464203
25.51617
22.600697
31.989246
51.142593
17.51247
13.74707
15.3267355
16.283554
15.770912
14.053059
22.375328
40.34453
33.49093
17.28762
28.259638
36.357254
14.498742
15.255453
19.731083
20.062893
22.443268
24.872364
18.288857
38.59783
18.252155
17.584843
23.298628
21.6319
45.061996
54.423626
29.754677
26.260204
24.247072
23.630352
18.224699
32.946434
18.60903
41.234768
16.4613
16.54269
20.938347
37.3319
21.378754
30.06984
14.531341
21.633305
19.401619
20.2504
25.706623
18.18088
24.361246
23.826385
21.647902
20.078043
19.549904
20.702095
15.150408
14.235577
14.593061
25.101934
18.007
20.930138
21.852098
16.49535
19.090857
20.67098
17.784122
20.340374
25.772106
23.441921
22.649734
26.963036
18.173353
19.631655
29.538742
21.94997
19.009413
19.202208
17.82277
20.291573
31.63444
24.803585
24.964436
21.28878
20.665878
18.212439
23.57155
25.26172
27.67621
20.66578
23.511074
22.02275
30.942112
21.077402
19.639198
36.66917
21.406784
24.772629
22.532799
62.81772
20.164518
54.06955
63.17725
14.50938
14.532255
33.110977
49.11712
31.284447
22.919687
15.40811
15.806772
85.54506
24.911854
24.097305
14.880932
13.59519
16.538736
27.474066
14.247124
21.915157
13.220384
16.85523
23.563652
19.114403
38.774612
22.904408
30.399403
17.87918
23.99596
40.6053
17.10661
40.974617
15.122223
20.073906
14.206408
18.371075
37.47592
46.03297
23.66779
17.855957
18.701752
22.957615
20.283802
16.294338
14.496256
21.112997
17.289839
14.788103
17.80727
16.857067
25.486485
17.637386
19.743471
25.90466
58.07598
28.962143
31.80559
17.445303
20.798523
23.305119
38.410942
22.893757
20.248793
19.689594
16.975342
17.078342
20.58465
14.9208145
15.934055
15.843018
21.96434
16.50068
18.34645
14.979687
17.538198
24.873215
25.667843
21.940678
25.006073
34.709557
47.422787
19.832739
33.39585
35.175056
18.890276
19.261778
17.857037
29.829813
22.152885
23.532164
18.923252
23.873547
19.824942
21.486427
25.058018
40.22521
37.320766
29.479244
22.054523
18.635136
17.059795
22.081625
20.071796
18.891247
22.124706
18.556028
18.054808
23.067352
16.426758
23.937931
20.666084
26.906948
23.720375
20.291512
23.597488
24.151371
26.30405
24.676384
24.838602
20.288897
26.561737
25.848389
79.8159
18.065468
21.017452
16.76921
35.459846
42.288055
42.316536
28.994268
17.877386
22.821999
19.94853
19.09621
22.37764
19.57277
26.179232
14.289371
19.063803
45.02942
17.826588
18.82815
20.127052
15.594881
36.226574
15.999039
26.653137
17.97055
17.521006
14.399593
27.244831
43.531326
25.494196
30.610352
16.903385
16.81427
13.813301
16.213352
22.630974
32.00554
13.435457
15.939663
17.229172
13.333282
38.111664
23.432323
16.275637
59.8983
20.986832
26.995373
14.590687
21.932096
46.902985
28.548193
16.3265
14.740529
15.772964
16.841183
17.02581
51.701134
19.079264
41.22551
28.533451
22.163721
19.370155
23.813982
20.097721
16.247091
19.040115
19.432617
35.068085
27.40637
32.4634
17.483156
18.555698
22.172466
22.545616
16.406002
22.33752
22.751091
17.747894
17.511923
14.592466
20.730036
19.63332
14.108834
20.651974
18.135204
16.165352
21.467916
22.89349
16.94519
23.920238
17.637775
14.919504
22.373386
20.273754
15.042822
16.223892
17.717745
20.698498
22.973623
23.982807
19.318329
21.248707
21.666435
16.782898
15.720585
19.735397
16.130255
24.727272
22.338543
17.206059
26.096176
19.573914
23.572432
24.283197
26.752266
19.440865
19.170841
21.189915
13.931315
36.838223
13.489031
34.34816
18.27938
18.249947
41.946747
20.978025
27.81051
28.582764
34.74151
18.092876
37.637436
43.159077
46.32197
29.39761
30.157858
46.885994
14.201082
57.519966
14.547011
17.949558
16.295124
71.73115
25.79985
17.254446
18.86319
20.304222
27.183178
13.289179
21.222748
14.664643
19.464672
16.192547
15.240981
16.657227
16.221394
12.576198
25.379337
29.245739
15.79988
16.126717
15.673595
14.022263
34.090126
15.591
17.798233
17.579826
13.368018
37.746773
23.169958
23.844828
18.945187
14.097771
23.04238
24.714806
16.127901
23.80077
27.401913
21.65168
37.688553
21.04279
17.558718
20.8585
35.05651
19.20266
22.787357
15.167702
21.034004
28.251894
18.149632
19.445114
15.474123
15.689983
24.679821
16.37842
22.867517
21.534512
14.583176
16.738323
15.04847
22.485888
18.036366
17.367527
21.038572
17.974277
20.722282
21.152264
17.75138
17.513031
23.33526
30.875221
22.574787
22.250002
24.203424
17.694551
16.747143
26.035093
26.677755
25.135403
22.131195
27.437664
27.615652
17.788347
19.23647
19.478668
19.07626
16.686842
21.438406
18.741316
14.194803
21.840855
20.859348
17.227627
20.678246
23.759161
22.753138
22.677399
23.63329
20.711037
21.946926
34.204094
46.78749
23.25044
20.960865
13.195049
35.704315
34.085136
22.174183
49.074406
71.41813
17.494324
41.235622
17.491161
12.65529
40.37136
14.450911
24.448198
24.990536
15.58359
13.627621
12.778046
13.505621
22.293911
14.518184
19.794037
27.256716
14.572583
25.721859
26.103195
15.39072
15.841603
37.584915
17.78699
24.697208
19.028194
31.23801
35.209335
38.25868
17.86978
19.192612
27.421368
21.59
21.165848
23.788563
31.531418
15.5561905
12.310291
18.39876
18.26698
24.973911
24.802773
15.201845
19.7267
16.409433
17.989037
22.279621
20.320818
17.401806
20.430832
13.621483
15.095715
15.419768
19.88872
15.330796
17.34303
33.005974
21.559076
24.225464
17.740105
14.411619
20.001553
17.214176
14.182381
20.239506
15.487451
16.782848
17.175972
15.451929
23.224907
18.882982
20.4531
20.58036
23.53136
16.771648
25.935207
17.222662
22.525902
20.805481
20.055658
17.820004
21.322239
14.705536
14.435526
15.359116
24.387894
25.768032
18.239174
17.655066
21.138092
19.348755
16.610634
17.347002
20.462965
19.779394
17.11256
19.508015
19.169228
16.60875
24.407742
21.238403
22.092209
21.600971
17.342743
23.216045
21.606142
24.850666
24.721931
20.800053
19.391182
22.482155
20.021942
13.437546
21.776772
23.31345
60.264603
16.595505
13.881321
40.272186
13.608862
25.717144
16.693165
13.46079
29.622068
41.461918
21.581783
31.09768
34.46128
27.890747
16.885818
20.750244
18.074764
20.719135
30.170862
16.394161
43.35347
23.012413
33.20205
13.849536
19.625937
17.320156
17.590174
19.013569
18.044636
12.471945
16.996143
17.81867
20.778122
15.146247
15.024467
35.59543
34.32568
36.580463
15.853527
35.09864
13.706018
15.500353
28.542389
17.014874
17.759602
19.957045
24.696081
27.712112
16.547935
15.159858
15.201765
22.59202
17.566154
15.3290415
77.87872
25.150871
24.111233
17.147902
28.109287
14.712709
32.97663
18.71108
26.69701
15.97368
21.431915
16.703724
19.789211
23.206575
18.143513
17.808765
13.650354
22.480713
20.90723
27.875107
16.54817
17.064411
15.781738
18.627354
19.69093
28.502064
24.64347
28.23637
21.328712
22.665564
18.367077
19.882595
14.454719
19.630222
20.63499
14.881903
16.035011
15.501835
16.662786
15.751729
17.904797
17.102955
15.65568
14.153175
17.676449
18.992775
15.578303
23.31052
17.256117
25.561949
21.70766
23.188955
18.40889
15.699204
19.749655
21.057947
18.455011
20.547342
20.204428
17.291298
14.376367
15.125988
19.938435
20.855457
37.39309
27.174393
28.928795
39.500713
22.149933
21.962587
39.092125
30.412125
15.5172415
15.876134
30.669338
13.271601
14.116804
17.725689
14.704126
22.789778
13.869297
52.44471
21.12746
64.70183
41.446953
21.170143
30.595932
27.716627
41.489677
18.607042
33.947372
15.680711
27.190796
14.47266
30.238947
26.18588
16.706043
17.71311
18.435974
12.524136
11.583344
18.431969
18.644302
18.576633
28.976294
17.347378
12.594133
16.929707
28.79981
12.711719
20.8376
15.954811
14.4124365
14.367437
15.473451
23.957352
27.46956
18.37457
12.638607
14.295427
23.078867
23.642994
21.001211
23.799154
15.709595
13.917516
14.223003
29.412643
24.26862
23.90437
17.610289
26.850948
20.6511
14.767315
18.218575
14.649548
15.954432
15.994721
16.97556
19.356441
15.4108305
14.63994
19.344124
20.449884
23.279043
18.787872
17.161396
19.818148
23.052952
15.880778
22.957151
21.53596
21.214333
16.572496
21.042107
18.115082
17.323112
20.06941
19.077621
14.917935
14.940397
16.199287
15.667439
16.08524
19.692966
20.655325
22.195374
16.040157
19.044283
18.680489
20.575108
20.607847
17.167631
21.419031
17.054823
14.191061
17.875416
19.32428
19.585684
14.233492
19.27772
19.531591
21.400534
18.187637
17.86756
41.262016
13.717108
17.745852
14.870201
13.739555
14.203077
23.788914
33.16088
15.925425
39.314026
24.101336
29.82451
20.373058
29.81369
35.667885
12.966781
21.475603
16.996243
19.97123
24.309948
29.08638
16.943062
16.06065
18.960472
27.917688
15.132291
36.15051
32.233757
15.078199
13.664394
38.00444
14.054411
20.753908
13.501141
15.760941
23.350567
29.145197
41.537495
20.300756
21.426338
53.770195
15.793997
22.842308
19.491018
15.813537
22.52987
19.951351
15.775251
15.003103
16.681482
22.05296
12.891487
23.333044
15.321262
25.717241
19.20444
13.46055
16.557228
24.207684
13.441629
15.704868
14.122894
14.413216
23.163807
14.385675
21.084984
25.71254
13.434549
15.849817
12.691437
37.143833
15.665796
19.405788
16.012468
22.822737
18.177326
18.93615
12.830942
19.528522
18.918453
17.980124
15.439477
16.077108
13.295471
20.92643
18.542522
14.66655
16.56644
19.430721
16.792053
13.960419
19.789656
17.164307
18.228441
18.393694
12.725128
14.900718
19.353275
16.191408
16.277824
17.261127
17.604614
37.850243
25.117182
25.097515
17.210972
24.421051
23.072775
23.475187
18.607174
19.075516
19.245659
21.503542
19.705294
22.077808
19.778336
18.176243
19.663824
18.074528
18.782352
19.63073
13.639856
44.996216
87.72786
13.837823
12.795009
26.305931
41.20038
21.46982
15.520948
23.502825
13.80312
13.605045
23.107128
31.552183
21.072605
32.292606
15.631186
14.277454
15.776381
28.428509
17.55409
17.048431
12.167036
12.645603
16.836271
13.838577
30.573307
18.665089
14.020176
17.732515
26.324991
35.65905
21.819437
15.383741
18.512024
18.66138
12.909723
19.810787
15.120192
27.469692
13.048446
29.925953
20.837788
14.534
13.7216015
25.829044
16.203583
15.735521
15.367269
31.908257
35.764183
18.327545
17.429531
16.031462
17.717419
24.225748
16.988272
14.386991
13.223566
16.212885
23.18638
34.174286
15.873209
16.387175
18.35083
13.330574
19.531311
14.771374
18.416761
13.730448
14.611646
24.134369
21.601927
14.46589
20.813477
17.200401
20.944416
17.478868
23.510124
16.128445
12.987326
17.289192
20.816462
23.415953
14.291243
14.853878
25.891102
20.81997
19.211348
18.603031
16.278454
19.037102
15.227558
17.301517
24.46563
15.744698
19.590904
19.941042
25.378866
17.252155
16.451141
18.19178
19.98383
18.96233
16.789324
18.667934
19.624025
16.043941
17.346966
17.441822
17.331228
18.9926
17.238285
17.293915
20.000538
17.460777
21.086351
17.674961
21.145561
20.1053
19.157827
29.815186
13.257792
14.054951
41.65174
23.776922
35.879665
25.23246
13.608562
35.46879
31.22816
24.620743
18.115837
12.767124
29.288292
13.798525
20.346054
30.062841
15.195288
13.657753
42.36708
20.218601
15.685423
15.537062
12.447607
13.295235
16.405231
13.430408
20.683365
13.275265
53.444794
23.633293
16.761974
16.903212
22.040064
17.603075
18.23605
18.225807
17.035242
27.317616
12.728834
17.291306
14.05232
15.147827
13.661425
17.344069
14.5766945
14.8517475
17.344475
15.861681
15.128887
17.556122
26.899298
30.453148
14.788311
20.408287
32.692516
28.434643
15.691134
14.408777
16.267654
15.78793
24.344425
24.54335
15.876939
23.53634
17.711555
15.129834
14.70714
16.358004
19.10586
18.207874
15.131711
21.469961
16.792843
18.067335
31.232073
27.984776
14.334342
22.487019
15.213464
13.206524
12.4716015
17.207588
23.009016
24.416454
21.390873
18.786694
16.14433
19.716957
19.113783
19.59832
17.8432
14.467207
17.425653
18.454401
17.695694
17.664042
24.564299
19.902664
16.39015
13.718931
16.788609
18.039532
13.125706
20.581425
18.740028
17.51342
22.691893
20.707
20.540726
21.738188
18.42138
25.308495
20.128164
13.927168
16.01157
15.863243
14.401583
14.437357
15.194847
19.387218
12.984865
30.128828
12.780607
17.150879
13.7816925
17.08462
16.468477
40.69355
41.28118
13.68661
28.64018
16.722034
30.226734
27.581884
22.69511
30.683834
26.501505
58.355835
16.125483
38.35392
24.453033
13.663351
27.634605
30.394112
21.286383
26.841106
16.654968
11.917406
16.561462
15.63894
18.469618
14.195355
25.525503
15.611695
12.127354
25.277693
17.385464
16.966576
16.117182
15.446647
12.873356
11.9403
18.93996
23.597263
17.696041
11.659328
12.769453
11.989079
13.355642
15.881102
14.900128
20.07972
16.886902
16.567717
12.830311
13.6907
16.601982
14.45232
17.943731
16.597946
19.556667
25.617706
16.258818
14.627345
19.21207
14.944287
20.74754
16.527313
14.44461
19.262447
20.631254
16.248257
17.593277
18.125086
19.62915
14.575619
15.976996
12.639725
16.17072
14.924353
15.906674
19.062994
24.631695
17.555853
29.96
14.946292
16.774754
15.177087
15.663269
18.808067
19.885872
20.675257
17.91253
15.723796
13.741236
13.338974
16.960325
16.760075
16.939667
15.796745
22.036467
17.473434
14.746469
26.067719
14.467144
19.714022
18.281433
21.178783
21.88864
20.511003
18.696066
23.389141
20.001986
25.611547
22.04763
19.14172
23.308168
15.750065
17.491383
17.042353
15.557618
18.607624
15.773275
20.64448
20.080505
23.313332
52.46337
15.251924
16.787748
23.046486
18.017067
15.328933
15.411722
24.376722
23.912464
20.598087
19.513695
31.03405
27.245092
29.274317
16.128342
12.480366
26.174782
19.873981
21.552809
14.682726
29.78747
17.488556
16.162025
15.119386
17.708303
25.147717
14.578829
12.613743
12.118136
13.492136
14.567884
18.692326
12.379392
14.418274
11.701298
12.626319
24.199959
17.934586
32.46388
24.589535
26.666975
23.335764
17.387806
14.302958
14.355057
13.069865
15.413136
15.10188
33.572353
14.852319
18.079985
51.732063
16.566391
18.589657
14.234865
22.587511
14.032026
17.456417
29.25838
13.343729
31.268562
29.724102
16.695202
16.74276
14.593639
15.489229
13.802471
14.845812
28.120724
15.711669
13.896151
20.272823
17.565086
14.219988
16.81144
17.108654
12.600802
16.353848
12.840248
17.272228
20.667175
21.946686
19.271635
16.363317
18.074152
14.632529
13.137772
20.089863
20.0096
16.622652
16.371729
19.321766
13.759689
19.268108
16.08651
14.833475
18.746681
18.816402
15.42875
18.518026
16.355196
17.622448
21.61308
21.36409
17.134178
19.03525
16.135159
16.321007
21.026232
15.263248
21.535896
16.428118
19.118876
17.352602
15.696597
18.678658
21.81962
15.063419
15.759595
26.181114
27.177574
24.363731
16.414469
25.368399
13.802015
12.422997
25.731413
31.151283
12.498767
31.45345
22.508312
13.028706
16.747688
36.43963
15.314572
25.956367
12.6589985
55.553658
13.292576
28.241259
36.701874
20.460678
16.60394
13.8259945
14.142508
15.8934355
15.094212
19.983189
16.137724
12.312318
16.800062
17.243408
13.1916065
19.05877
28.864374
14.180513
27.129303
22.530012
16.274805
15.992428
28.755085
17.1335
13.972191
14.453911
20.592892
13.545511
13.183885
20.76154
16.458973
14.525313
19.968979
15.7639265
13.247347
14.836172
19.064566
16.861248
15.102259
14.444522
14.667796
11.887716
16.097841
23.838009
14.859903
18.084402
23.079382
18.857021
18.099081
15.081937
20.885235
16.739323
15.80125
17.978539
13.343073
13.300425
13.517644
17.464699
13.11547
18.056328
15.831722
12.816536
20.692509
13.153351
20.28143
19.793741
16.989628
24.938702
17.542728
19.157562
14.420288
15.707481
15.302937
15.850842
14.637905
21.304554
14.2945795
19.70646
20.22743
16.421202
21.047857
14.888687
18.151094
16.850113
20.815128
14.822546
24.222113
14.382354
18.100613
18.393412
18.87543
21.984974
17.77649
16.844328
18.889101
15.832748
20.08733
17.802559
15.600042
12.026032
23.43113
25.053595
12.995143
21.788282
33.666626
15.374744
16.725687
26.817158
15.05797
13.815802
16.922873
55.85228
32.6735
15.806074
17.08468
12.457218
12.345549
15.07482
35.2187
11.995436
29.571087
14.562555
17.175095
24.7565
16.150797
13.490374
12.781813
30.44244
28.185831
25.434006
12.060236
16.174595
13.203778
26.205719
25.613567
15.963097
22.213692
12.902258
13.903368
11.826462
16.866703
21.370848
13.646931
16.2323
23.422546
20.058933
28.076777
12.817755
15.7094
15.7169895
23.86367
13.967899
16.002096
17.829454
13.60279
17.283619
15.384967
21.848782
15.859581
18.266424
17.126959
20.49247
26.29747
14.599438
13.895784
17.912952
12.423611
16.90097
14.185352
18.262434
23.027025
17.807375
16.344643
14.673451
17.285759
15.35097
23.946798
13.806949
21.00718
15.515201
17.41977
17.02159
15.060727
18.871693
13.871124
21.726252
17.500256
20.11657
16.571642
15.563252
13.366595
15.4090605
18.23251
18.111685
14.755699
15.17564
15.374519
15.157787
15.698229
16.270708
18.103336
16.160812
13.231676
21.935497
18.098219
14.31378
21.889412
15.15574
17.690422
18.467943
19.901827
16.79329
19.115913
17.713326
15.742622
16.837744
21.789177
17.910965
13.554987
14.766521
12.218401
20.24452
19.268482
15.163294
27.02151
11.657656
14.218703
53.19958
38.177635
14.180801
13.762018
17.77882
29.933311
19.440802
27.893726
15.252081
20.136475
13.987686
20.772326
14.908945
25.128933
25.803085
15.124398
29.79021
26.71594
17.146652
15.620438
14.360594
50.194626
14.76785
29.906239
22.794691
12.581112
13.800535
23.123062
15.827423
26.106215
14.998529
14.33333
23.194515
13.198854
14.663784
19.75816
12.19264
24.937366
11.647299
13.44948
15.823685
15.752582
26.877678
12.678429
13.246915
15.073492
17.571877
13.407091
14.838436
16.359346
20.811804
12.877436
18.048878
27.162075
17.277443
17.95875
12.419363
19.070377
12.986143
20.858967
13.62688
20.484785
30.55592
17.288004
14.890073
15.799496
13.422261
23.067415
17.962976
13.616644
18.800764
15.943382
20.889471
20.65662
16.498892
14.6242485
16.813255
17.725489
15.19121
14.924507
13.257645
18.091072
21.89457
16.510387
17.836555
14.408222
15.726402
17.438269
16.150934
14.668695
14.336868
17.256853
14.236462
15.086413
17.425507
16.424799
13.49618
19.481222
19.789486
19.828363
19.6479
14.437357
16.740265
17.632393
18.3228
15.487108
17.960243
21.569931
16.383732
16.444082
19.53925
19.222317
18.069574
18.286718
