411.05835
331.30652
734.7123
570.73956
146.20668
210.4609
302.44852
88.62498
330.83994
662.67554
797.41833
266.34644
249.23947
193.86978
278.752
375.74854
327.9054
156.8957
128.04237
165.60736
270.17065
355.164
144.63164
389.5041
188.77321
165.04776
342.9509
326.04926
516.4275
413.36212
147.24557
266.8471
402.01685
218.18866
100.05491
479.28137
309.82343
421.6971
269.02054
232.97237
449.65973
362.6717
184.75876
226.59296
344.5517
454.55847
135.34763
268.8988
349.4178
397.15997
131.01701
290.84933
141.20334
251.62808
156.22446
292.24042
337.64667
277.47296
208.53638
189.11008
108.85273
204.52272
126.1758
136.48094
209.34314
410.27274
177.00429
288.50763
167.42735
243.91812
265.67078
274.89233
300.30054
213.00037
103.100784
232.2013
297.40527
324.76132
174.55768
265.70895
291.87604
253.55682
422.0304
185.76367
215.22885
304.2534
146.64514
234.9331
217.90723
199.28171
197.47427
225.9812
134.76216
152.09875
122.66892
202.88666
252.09721
173.6716
171.59607
178.5184
261.26175
109.782616
301.8341
201.35059
146.94772
201.19989
187.28568
237.27637
149.92055
265.42767
220.0958
231.83882
328.72772
206.00473
272.20044
212.14127
261.60123
259.14868
220.20612
254.30597
235.88507
136.87408
225.90277
356.0094
435.72742
840.1853
544.5736
277.6075
376.93756
255.95137
274.4431
167.90424
616.90826
238.2573
385.60095
83.38347
290.7428
537.4102
198.32224
258.45862
467.7272
128.00714
152.56175
196.15973
375.50336
151.82866
229.71283
109.392975
331.82767
284.33218
408.19293
270.1131
196.92604
160.2525
227.75073
175.32462
250.11401
307.34732
107.64502
281.9434
435.4093
375.02716
107.0762
267.93982
303.1717
120.74339
256.80453
149.97748
307.31323
293.10492
112.35863
391.99463
241.28107
128.84692
251.74998
220.6673
96.05838
381.23096
369.75012
123.86529
311.24887
266.45084
196.75464
139.58435
476.9167
188.11728
398.3298
195.72342
222.37808
117.44825
179.96422
209.03226
136.66942
163.79575
239.6557
228.91846
194.93396
182.13466
245.10867
295.9136
168.34813
243.02419
171.77934
172.74649
247.24638
203.58458
329.3095
157.69879
203.42395
216.68448
164.43176
332.03046
256.0075
255.15176
145.57947
212.99463
156.02704
116.97047
225.16806
198.33203
339.23645
137.561
197.87244
184.63223
150.55336
223.46683
167.00543
227.13416
234.51062
246.61394
167.6592
205.99966
332.10492
264.74048
264.9494
291.71378
233.5459
279.6089
189.611
315.38248
281.03815
247.36978
244.81776
246.12308
629.593
148.01996
164.47444
181.51419
349.0616
192.53342
389.737
155.78906
763.86206
386.20844
360.6261
207.38821
469.56558
366.09143
490.6991
159.57257
134.14395
454.48276
256.01462
413.94836
276.5291
145.08447
305.54224
195.62166
245.43062
129.2905
508.11533
180.20004
259.0204
395.92285
370.17526
325.08963
326.24646
216.81711
234.22218
124.03668
119.11722
416.59064
189.7492
118.74442
221.18307
96.69606
95.82677
189.94197
239.87701
218.02617
233.51782
108.28151
86.803444
173.22595
368.70465
94.54204
228.25482
363.436
223.77765
248.80914
162.84793
340.1098
244.21754
167.41989
114.190605
200.23492
218.4337
282.8743
169.76959
132.32005
175.15475
253.7669
303.1803
129.27411
104.02353
187.35936
293.65515
129.07834
326.16043
163.01808
224.08195
161.50867
181.86505
273.858
194.42006
148.69206
167.74586
262.0338
286.73853
363.82526
276.49585
119.65727
243.17314
143.99979
178.60782
252.15506
150.31459
133.10936
234.91003
211.29852
194.59683
282.3481
218.96848
310.21564
198.79129
250.09592
302.625
283.46814
199.81984
179.13388
265.1129
203.60847
193.03339
209.31268
273.32007
289.20056
222.66545
195.8527
296.3109
246.60374
230.85295
247.29425
224.48323
308.59076
562.1464
187.0588
302.1455
450.911
242.53595
313.6244
369.51312
466.73346
414.20517
525.6067
381.55096
324.5395
755.77295
468.77347
162.1466
271.27014
335.30725
111.885544
160.62787
123.84566
346.20746
236.45119
227.56961
166.62746
391.63086
218.03528
130.19568
240.03555
97.69589
161.8743
121.91957
404.5153
358.82095
84.960175
369.22253
297.30872
293.2579
367.4381
133.77109
173.81769
117.220856
147.94812
175.07356
170.70946
140.85718
367.25116
272.47327
248.181
214.26144
119.556854
188.72247
316.52628
141.42918
250.40306
185.53517
109.65288
328.0988
166.56421
289.18536
280.76492
97.88045
163.00214
217.1994
256.44165
120.356316
231.67236
102.05226
269.17133
217.56628
269.54868
156.78731
212.15771
213.27301
244.85127
248.60406
267.09375
295.10004
289.4627
214.92175
216.79013
251.64836
244.85873
278.37573
231.71613
183.65317
180.64091
161.80615
95.97288
229.35652
178.25267
224.8997
243.8967
189.13255
185.15575
191.38326
237.62733
258.7267
160.00447
158.62901
197.83292
129.74725
234.78157
252.27159
211.00064
142.58105
141.60506
190.21292
107.41196
126.31307
261.0785
243.10448
204.77563
188.49353
195.50636
208.23955
186.20792
157.7963
193.18446
227.29085
205.5741
324.5313
464.6777
180.85818
86.67784
626.7261
251.1327
200.5997
177.1582
231.172
425.148
328.9179
130.85033
165.8982
170.18655
701.185
413.68927
389.90582
497.67892
377.39703
187.38718
112.493866
403.74734
310.30536
318.0155
198.87192
99.167786
238.35712
349.086
308.08746
377.14447
352.01514
267.82874
101.89747
228.85568
223.3471
349.47595
268.7456
172.68639
127.56082
344.94858
94.2634
303.6103
167.84717
254.2576
121.98563
280.5016
121.88237
155.02852
79.6944
142.69124
203.93312
423.5022
348.78754
211.73819
264.4145
107.26298
234.1589
140.22784
212.3643
227.56155
278.67963
245.2897
281.59326
210.79796
243.75488
229.7525
149.08163
125.628
153.73302
136.62216
319.0827
258.4449
280.2981
210.14124
247.63498
207.05742
133.37288
118.51344
103.474014
185.6171
228.95654
261.64578
225.5953
147.38904
109.80571
130.41568
198.31631
158.75171
124.918655
243.28621
191.48575
295.7616
248.92233
184.24734
183.72855
181.76695
136.19632
178.66753
177.65182
239.6059
302.57794
171.2807
154.00067
188.51547
146.86746
188.33148
239.86053
164.4898
170.76923
205.18604
231.38538
209.20142
218.89714
219.3497
225.72287
181.30505
178.2822
268.88818
204.9395
260.8726
230.80371
350.3191
372.03415
159.37195
418.03656
455.7188
258.7124
284.1903
153.62587
331.3451
371.26688
265.94507
115.394005
553.4104
128.53737
140.26726
441.79828
143.50528
680.53845
209.26137
261.34222
319.63947
202.84213
80.008606
177.48212
112.67143
291.68512
323.09732
101.535965
169.78156
258.276
225.00955
406.7258
211.83301
220.0432
281.49637
143.6075
409.0052
115.94368
419.12445
352.04324
334.58234
301.33435
162.77748
272.5353
308.17395
243.25085
272.0531
192.1743
381.66742
113.20076
317.85236
117.82147
132.04361
195.26324
422.9399
184.5941
220.45103
254.28088
228.88893
142.42651
138.97452
175.16429
94.135895
168.37628
203.54852
158.56071
123.43421
165.39474
163.0575
99.69148
175.79222
138.83694
260.02618
128.32025
242.60017
137.30545
81.49541
237.22089
132.83562
236.76082
212.29279
179.60156
307.79825
208.2537
289.8072
148.97353
115.41257
249.65823
204.92114
105.17816
174.2918
229.37497
207.01654
255.02548
221.61084
177.40372
170.39828
151.48729
118.77702
154.98358
191.45663
251.18536
186.46988
236.52652
244.51787
179.03262
213.66052
216.96213
202.21216
176.98828
207.6753
229.31345
175.21643
181.73209
196.39105
224.66359
203.43616
233.02719
240.11298
229.98009
232.11424
368.0838
311.17175
344.29477
673.5611
541.6129
615.4398
201.80823
125.43301
178.18835
422.84924
194.75009
414.52814
140.5569
157.96826
144.69878
84.877975
72.760284
316.47046
364.70718
98.8533
213.49643
269.43112
220.82018
158.2308
132.20657
126.247025
145.7861
194.63516
146.71024
113.802055
266.07413
170.15598
227.93588
430.18604
357.56946
397.71396
100.91512
336.7274
218.03781
119.75981
159.94003
116.6882
207.67442
352.3106
198.75693
94.44409
307.24005
237.47913
196.8328
120.55362
199.32861
267.5733
272.642
225.20222
145.55664
359.13544
280.1254
167.27913
213.57834
245.5476
214.26312
336.62616
128.62584
216.36478
215.34276
172.44876
129.8728
98.04343
172.67447
178.06383
149.38048
227.8522
200.57079
341.08002
134.77866
252.13637
272.10883
225.61246
155.57135
280.26895
101.0249
202.0148
168.8334
286.10254
145.88899
300.30768
263.62512
154.88324
317.53293
174.24316
250.34247
179.58624
223.85234
199.72202
201.38841
227.28897
233.55319
182.92607
170.94089
112.76703
164.08066
245.65378
115.941376
249.79733
225.06116
199.26892
202.94543
226.48189
229.74348
266.17044
160.94885
111.73136
205.58691
181.512
179.37546
115.28331
179.40137
186.50394
173.79535
255.08994
236.97353
400.45837
256.10953
120.85477
167.82675
278.28357
432.30194
449.7887
147.8372
94.40737
176.11903
464.48395
120.59454
259.09897
107.30857
127.527115
123.982346
100.013535
176.28519
398.55942
713.52124
256.22855
356.55188
315.40002
108.5027
144.95383
261.49457
132.87671
73.118576
166.05695
210.474
195.68074
103.64296
219.99146
524.1837
170.8182
196.80103
354.74518
233.66754
217.39594
148.92947
331.3844
217.14566
184.4797
158.3652
322.87372
207.45976
185.35449
143.34985
254.20432
194.37761
289.50607
174.94617
219.0332
213.75839
299.2197
154.32693
208.78409
190.14024
317.68762
230.94978
204.71776
144.90155
154.70631
160.37827
329.77075
151.05295
101.501465
288.1949
376.5009
165.71005
353.77325
269.399
204.10532
227.70352
153.50323
102.024826
191.06783
166.8152
250.53519
245.66144
277.2132
175.12527
130.20078
175.62668
301.06403
215.65527
116.10295
112.34471
138.01747
226.19272
126.6062
347.3576
165.655
247.6021
248.74323
290.3294
198.34967
86.862366
89.1377
209.73267
222.84332
239.76067
189.47308
216.6929
303.32135
154.31236
234.92883
236.07797
221.60992
110.55974
226.74408
199.15202
194.85709
151.69168
243.36627
175.52777
126.22214
179.72913
168.19408
167.01523
193.76889
117.84594
389.4132
282.05576
250.78258
81.943794
698.8087
388.8108
223.36665
157.17978
363.52472
214.57214
423.7434
216.79611
515.35736
242.52408
435.74823
143.06635
215.16385
212.3015
225.81564
75.65834
185.4893
286.2058
215.99747
94.46123
237.96823
189.01453
331.74512
200.08667
389.7929
297.40356
104.665955
320.71765
183.74396
400.3823
288.16913
158.95007
351.92178
338.01077
98.071465
320.60995
290.57346
288.81964
152.52072
212.13268
157.34537
86.149
309.0901
194.9393
144.52678
269.31952
204.75357
287.82593
145.77826
133.80823
117.758575
227.1889
121.07254
262.72876
188.14607
124.92645
126.463715
107.80971
200.75323
98.80654
142.14572
255.69498
240.88336
178.59285
188.77171
198.52905
124.255486
193.9316
161.45985
249.22495
113.08325
302.3818
165.80167
273.09412
168.04282
139.80814
114.79386
254.32495
216.81213
166.72305
215.1217
216.21756
217.98581
189.76793
159.70642
107.197235
193.32928
196.95163
221.57413
218.72095
218.41931
178.99017
117.49893
121.7157
98.74822
139.95523
168.75946
211.16588
216.18097
150.25325
232.93109
166.13525
176.09683
135.64566
172.28186
166.81403
151.24576
132.01944
167.16959
253.56046
241.74762
202.57547
178.66516
172.08815
188.45143
178.79303
234.08542
106.89525
207.44574
134.32117
321.54572
233.27032
409.30212
622.5032
386.52753
367.42023
404.8614
526.33386
165.43954
315.65448
331.1267
289.20465
213.35562
529.014
128.10947
83.905426
140.94884
216.45619
239.41342
182.47754
86.2487
375.92725
141.91864
83.5022
236.2974
206.51495
281.9004
188.12125
117.37224
197.65936
156.03584
200.76627
217.88724
313.01282
243.46774
197.82175
248.83917
95.48215
113.40155
122.830315
167.6874
294.13672
241.26233
137.19638
239.53717
304.11627
170.15683
179.95613
113.43664
253.15982
215.77174
391.13715
219.24203
97.33774
254.6976
86.96341
137.5813
187.1746
167.1037
258.9309
108.6176
141.47858
279.7331
188.24892
124.32289
152.85692
190.37685
92.00445
231.89525
165.58098
139.83691
226.0707
172.1615
201.0104
123.415146
321.15796
212.9736
248.30591
290.9483
192.83925
321.42816
165.34488
141.89711
218.23065
169.78546
279.14294
227.35023
297.97168
221.35176
218.5647
114.55823
111.28649
156.5341
200.51279
165.90518
189.8894
179.42188
210.38153
165.66246
125.99157
209.7485
96.78874
154.5007
152.93915
173.87033
165.46213
165.39336
108.95428
143.57639
156.78157
135.28561
193.54742
215.59308
189.91861
211.3522
175.04948
155.0283
302.60358
356.802
142.34995
165.46718
123.90951
370.2245
186.52414
268.73682
85.543655
167.29868
335.1164
516.603
206.14642
247.2987
102.1438
273.57715
91.57413
93.02781
99.64606
278.42938
310.99426
251.57626
226.92685
245.30838
569.8119
118.880974
72.36803
214.29524
382.6538
147.491
149.49101
95.075226
553.5149
353.25146
280.59195
252.52051
185.48276
178.2417
159.85118
236.60318
292.10242
85.31812
408.15408
319.57098
119.61031
241.95302
224.41711
101.78357
138.99622
183.95624
107.38481
206.56311
180.35226
202.48761
166.73367
194.56104
297.48935
122.24207
130.27171
212.90211
155.92163
156.24478
221.4855
336.03503
161.02818
314.35425
148.9631
205.40445
265.2146
192.67844
191.34955
365.76743
210.78712
119.76703
237.43571
158.83871
181.05237
245.08649
166.61359
236.1167
176.5995
93.44585
209.04044
267.70065
143.86588
252.01727
114.11
139.76083
197.34085
206.98358
204.41159
145.11658
215.42902
149.23335
191.03856
146.23987
189.39728
188.92264
163.93008
105.275276
204.38728
120.198944
210.34912
218.88849
143.57117
105.86066
176.20554
230.24127
157.64807
207.06712
168.24406
130.6
218.37276
194.26344
154.25298
128.00334
159.81732
164.92064
137.13492
160.23376
173.193
243.92734
235.57541
195.87665
389.72784
474.68793
75.24458
548.41187
416.10052
348.9065
194.33075
224.15695
126.07039
112.43623
299.5721
615.44696
385.75928
230.61969
126.881454
131.70723
80.4517
118.98918
269.10553
116.73241
111.786224
145.23506
287.5699
272.97205
183.2152
99.81502
86.24699
293.28638
183.06638
206.68275
138.83517
308.4394
135.42867
196.50027
322.325
95.387726
112.01606
249.49768
110.34801
281.4217
364.50226
141.19284
157.75381
201.7891
157.6615
137.86008
171.18279
189.04932
143.53363
173.3843
260.20007
198.35623
123.98906
143.11484
163.16989
208.4126
233.96448
296.10825
127.41116
117.33008
175.21976
352.62762
343.40213
179.57928
100.79861
245.46155
195.37943
84.34731
311.45496
153.82309
110.163216
191.12311
203.94084
156.33783
196.66296
200.38116
161.1917
238.71295
181.837
105.02212
229.55156
141.1021
179.37985
275.90662
98.81312
164.88739
210.47348
158.0997
94.62512
239.28745
186.86935
202.2602
218.66632
149.14404
236.91345
135.76518
183.50696
101.96567
172.19772
185.5059
181.67665
168.5665
180.9915
232.85638
140.40094
262.5609
161.30235
223.87189
225.67894
218.81732
146.31789
158.74193
208.72247
206.56003
212.2925
123.971596
154.06415
170.52356
317.2166
383.71127
299.31934
384.7325
677.6892
135.65367
141.88309
70.26016
333.24707
113.491356
202.55981
191.68987
496.8329
100.61474
134.95067
119.57839
342.90192
430.8022
106.86833
297.97018
107.59418
133.00673
194.10873
143.33447
196.902
380.42535
258.62714
295.3111
176.90399
100.51657
293.74542
152.9519
265.4259
81.77483
84.79547
113.72945
132.39297
113.4722
125.65031
308.7398
137.45578
90.12626
89.87168
267.0025
149.61401
107.04734
119.89932
97.591125
200.55994
171.72021
205.78517
284.51843
181.86694
128.30429
160.86073
134.58163
153.59198
328.67065
155.43588
199.62634
214.74399
88.26796
174.32202
186.31587
232.75037
201.55537
96.843094
92.1268
116.50627
107.71138
135.6178
177.57591
161.2181
200.83524
138.13814
237.9841
233.08682
174.51144
191.20836
146.54755
235.31284
270.4618
320.99988
221.92119
169.39899
312.44717
190.79877
252.83743
212.86594
212.7421
172.82936
158.70282
151.37273
246.14893
245.2452
199.71954
172.46365
244.278
146.29338
183.28426
208.14253
217.621
198.05182
186.94861
228.94124
159.54633
152.65933
223.95062
202.13972
139.67574
155.6449
234.56549
161.62848
208.14615
178.25912
185.70377
194.44376
157.03015
170.66653
202.32687
153.62068
114.50776
180.38358
487.13733
189.18427
283.67517
96.76815
369.80826
333.74164
84.03923
86.333755
115.32286
203.31363
489.79813
400.6695
183.93478
396.0833
339.19513
168.33437
170.60547
81.37913
106.50521
161.77168
114.73125
292.839
103.10277
289.59503
329.9583
87.25067
191.32376
133.74762
215.57234
263.07526
535.75415
181.1464
104.47037
196.99219
225.38959
186.94577
209.60802
127.81392
161.20773
168.64005
309.53934
319.73474
307.15576
150.60922
110.001274
170.51654
96.37224
232.46783
219.46265
99.09685
118.18129
131.01465
215.54762
154.34906
133.63751
261.45428
192.47404
182.85161
129.64679
227.6676
110.420685
121.85401
209.48347
204.06725
256.86438
294.99622
165.7114
145.6298
132.5158
121.68306
281.91547
245.5967
209.6771
91.641205
150.90353
129.15372
188.69171
150.36958
132.03757
113.441864
140.5087
72.872055
175.3496
198.06529
147.75018
198.89499
180.945
190.57996
242.83705
213.02989
266.62875
169.56815
98.76202
149.59192
285.79224
198.1112
195.86003
152.18857
146.62234
191.2785
149.80334
226.39316
160.80937
207.4332
153.55502
177.96576
126.09866
203.04716
174.50713
121.21983
245.18501
170.93936
141.22656
238.59277
161.92966
196.90898
194.78976
146.52489
159.7553
342.67178
568.59973
76.258194
81.282585
197.29758
130.03477
111.889084
362.08093
281.74268
309.46255
195.50769
422.46213
153.24835
249.04929
164.9985
179.69077
190.97574
306.1291
96.89166
185.96315
202.22176
99.75754
171.94199
129.11539
367.74582
180.10684
195.21094
257.4654
490.48694
136.94643
350.93
116.23236
84.4164
286.594
244.14963
190.82182
320.45154
275.3871
279.0541
94.90082
104.02378
311.80148
215.49031
93.798386
123.50906
166.60165
388.34998
191.75406
171.95065
138.05704
171.81818
147.57576
150.61842
221.93088
145.1188
115.93442
148.11115
150.76881
92.86618
190.61287
154.02657
188.11029
157.9848
264.48077
195.4217
150.27322
107.14063
103.835236
167.76193
213.38567
166.59291
285.17587
147.84358
139.24344
85.06595
239.08507
197.22876
135.15854
225.37825
136.17053
218.59668
144.24268
114.99009
171.95746
171.22456
93.052734
125.334404
122.402374
185.39822
220.13399
219.8887
85.247314
210.4288
99.53899
154.04288
239.91354
244.05807
272.6176
196.12238
263.49942
198.55391
191.67996
147.59079
154.14954
155.66235
211.97098
141.61617
162.42317
125.57409
110.79869
199.85393
176.7121
134.90637
145.74617
178.60568
146.35333
209.7913
114.92763
131.02798
182.99907
174.16345
247.8659
476.23892
304.68185
660.58264
174.39658
368.12747
381.06067
80.88457
168.29926
80.97626
148.85016
261.07117
155.54138
84.02748
160.21652
216.57983
182.09357
203.59496
308.42648
279.53583
106.26263
324.7837
165.11075
380.5824
120.66138
173.06953
320.6476
186.78801
78.58247
88.16756
296.38513
101.531876
359.80914
152.53558
253.83383
194.54922
135.64587
120.30651
185.74133
284.2757
168.935
308.67865
114.93106
69.94098
183.35223
144.12231
79.63664
215.81471
186.81606
250.39899
112.60721
150.55923
111.89108
218.24754
184.93149
165.97383
185.85275
129.13887
96.831184
111.99069
158.2024
223.18451
211.9556
286.3636
209.41241
152.01733
204.46773
93.03221
242.7975
120.3465
153.98648
100.67823
144.3013
278.73157
148.5728
138.35759
139.48624
126.83259
178.56857
185.36389
133.17564
175.41605
208.38837
123.01939
96.45082
120.206924
197.44806
185.29695
187.94217
175.76282
175.09589
135.97295
183.89343
107.10347
147.67221
265.9599
171.14624
148.39893
129.58514
221.93753
135.69176
192.2524
237.90944
227.33978
211.84988
232.689
96.31493
188.17249
205.39578
107.039185
131.23065
150.52847
186.513
221.72757
143.82217
147.16412
197.63934
118.063354
164.09793
139.88663
155.55559
163.3363
128.88547
357.5898
637.89667
327.80798
489.42712
272.09824
167.8262
77.495285
355.47702
233.07834
68.54851
100.16608
300.40717
214.30931
400.0195
270.68045
179.98969
106.71605
159.16795
295.0411
172.43707
352.13513
85.11171
107.85451
160.3098
220.24243
205.44757
153.53394
241.47223
294.99005
109.170105
113.83304
311.84753
202.61032
143.18054
95.50804
155.55127
121.635635
180.34702
132.81071
243.19633
173.97339
146.89523
125.02327
281.08456
185.18129
179.3325
92.459625
287.11356
272.81375
192.97702
283.73904
108.8153
121.862045
120.078964
153.94107
303.40936
184.7783
142.46558
250.90088
125.11486
161.52483
159.62961
105.495575
229.20972
132.33609
113.457085
162.10031
124.57235
77.83269
210.4173
172.00677
94.17027
192.1337
175.07759
192.20474
208.45389
137.29294
150.2598
125.43752
97.759125
133.81836
141.33742
88.6956
82.64693
147.15778
82.78184
127.85871
226.2086
110.259094
139.39795
149.67975
208.10641
101.279175
182.12431
180.4635
155.2993
218.72134
144.50514
202.76315
146.60876
147.2536
100.98192
184.89865
214.89748
208.77731
191.23636
103.3062
173.63593
190.54546
199.92336
212.9861
172.11723
138.3008
162.49765
140.86444
149.21974
185.96642
210.98312
179.37486
108.32428
185.41444
215.88345
83.02675
300.94598
189.29071
318.07834
632.47974
136.16534
184.30391
107.63452
296.24835
126.35342
407.80927
134.78647
182.76447
171.0629
342.12958
173.14647
342.87997
133.96808
159.93329
277.83594
260.99057
161.05408
83.81462
157.50168
254.15675
174.88968
87.82792
124.69987
85.02497
152.66531
143.96779
194.54599
222.73985
82.08702
197.44376
391.6443
98.63748
122.83052
275.78003
217.49295
72.85521
205.51718
122.13395
104.217026
109.013405
239.3147
174.40509
213.52695
207.41568
133.11395
177.12271
73.92079
238.26317
126.50055
84.34607
247.1597
323.55283
135.2381
270.80228
186.31137
206.27438
161.95961
293.95477
189.36278
138.08353
187.04465
275.45758
146.80023
178.11398
92.99303
194.70816
392.04337
191.11255
160.27591
120.41673
199.29446
228.56964
129.199
91.66446
104.32454
166.936
252.50098
142.24059
152.66147
148.38962
145.3279
77.0864
138.50336
122.60066
148.8536
95.726715
161.54831
180.15112
144.99728
137.17915
115.262085
140.19202
97.16789
105.93854
115.52658
252.64262
136.03487
204.69044
185.82976
166.68768
173.29765
206.96117
151.57602
140.251
194.28165
181.60913
120.77493
167.39163
171.02582
118.9494
164.47935
187.07779
169.2492
180.19467
349.1184
204.03366
298.1068
375.09943
267.0938
151.41467
319.3319
259.33057
278.79636
109.18496
299.25626
97.423096
333.19513
488.86365
290.86044
130.73172
197.97357
169.9747
84.503815
104.6439
100.58203
253.63579
160.4129
270.0752
334.30725
246.58914
428.87573
68.41925
77.37687
173.3056
134.22131
198.27835
127.580894
206.12885
78.620926
290.46744
142.39465
105.89898
199.46445
86.7301
118.84004
208.96011
155.26665
223.805
333.5454
157.00818
166.92123
144.61676
178.55557
88.31847
116.17598
173.41617
131.98953
154.80399
76.23506
240.88907
97.7259
161.86746
164.68634
132.81021
93.884995
156.3424
206.13857
230.09793
250.36075
145.88434
155.90273
88.433495
108.45094
182.61621
177.12952
181.74858
149.94937
215.5784
120.27085
379.34274
160.14856
198.29619
177.57253
86.74286
125.643814
187.78592
95.691475
203.31801
176.59984
141.73987
126.84628
96.92478
136.14272
106.556755
182.0199
197.85889
222.96011
132.84366
196.66531
144.76965
96.14056
147.14246
122.21204
159.58614
118.52996
112.96263
179.93695
116.03588
100.95852
140.67671
140.15019
135.37172
137.76074
182.1354
184.34698
155.05826
170.59567
180.16109
197.85733
184.9754
139.42236
129.44147
177.87369
125.75724
336.4378
103.67607
69.613266
244.59387
367.07382
175.36542
126.72985
118.516174
154.67804
174.63815
295.27414
368.55035
624.3976
243.51617
182.30319
201.49815
287.03723
297.027
149.4313
431.54395
251.34612
93.27879
259.61728
105.28074
233.75122
265.69238
143.79613
202.12994
159.81158
85.475494
63.516052
107.17755
103.90881
273.0835
334.8013
300.8653
115.22873
285.04346
211.22679
146.26971
80.16902
189.31857
223.86896
73.86566
227.05884
158.11627
130.93219
165.93251
101.09511
77.739395
296.20056
179.96992
171.59262
155.66003
91.05595
80.81174
155.60124
200.1813
202.48286
227.98515
141.02121
225.26694
167.56648
188.41974
136.38547
177.16794
205.56808
154.13788
115.63637
182.57169
129.87206
110.53575
134.97223
174.50188
110.50877
135.28146
167.24854
123.23989
105.41885
138.26884
158.98422
174.57523
136.36324
132.69537
139.71556
121.05195
248.01286
126.74193
103.65405
118.13449
210.29362
163.56116
136.79895
150.1108
135.9097
132.73163
92.20411
189.09085
148.33727
97.43959
174.03754
90.24931
171.07239
87.6809
182.22168
92.68663
126.8934
174.49396
206.58572
129.18028
201.17467
176.94681
194.75467
178.55783
177.89188
101.753555
121.4322
134.52591
155.9495
136.0115
165.26884
417.54962
112.49681
155.18124
290.86188
89.16888
334.64944
291.88684
163.34715
209.35368
198.48279
284.28287
112.50525
182.58945
168.51263
269.97528
89.536026
383.36313
134.30975
192.68246
82.921196
146.0672
147.94157
145.59583
87.73134
240.21542
340.07928
251.61588
301.0226
180.9624
588.2487
102.738815
107.39901
200.43658
233.92793
167.35226
258.53168
155.15392
309.18393
72.507515
101.428406
133.55096
248.27243
163.55331
155.24834
221.80621
81.934845
103.88326
206.15686
177.26654
153.56773
147.1914
109.23276
121.95598
140.0976
112.283875
205.1022
82.93504
155.47693
80.19684
94.728935
165.73456
164.57033
169.04597
149.45203
102.11332
171.77917
191.6991
126.23936
312.5942
139.16252
168.23116
126.29682
222.47314
173.51003
141.88524
194.2783
236.10918
70.21325
174.20149
313.8265
252.73592
169.52084
99.95795
132.74265
92.12574
187.27298
75.920685
80.39105
164.68956
129.48207
111.88286
122.35721
154.5319
127.07446
126.669815
108.59605
127.97608
175.66388
197.01665
163.88705
175.83
141.71606
119.79982
174.82181
115.64125
179.53223
118.82869
155.30792
150.86758
128.26129
187.205
141.91956
253.26091
129.95654
132.39638
77.16513
187.05562
176.72104
104.70314
143.4837
134.3341
128.45674
89.561165
246.69156
289.77625
176.35464
61.44777
284.82574
331.38318
76.24596
221.13943
455.54865
404.0208
351.07275
301.90283
277.23462
270.8671
232.78134
198.23041
545.39215
268.9076
91.04959
152.69098
96.099754
107.319595
171.00893
79.387825
103.88469
140.47336
151.62042
156.53476
196.0781
126.19986
156.92435
89.6566
241.08861
130.31583
71.73515
170.85728
115.64283
224.9408
102.0327
146.42372
318.28253
158.15378
222.5653
179.13043
248.58408
217.88919
75.829956
93.48183
299.8344
193.29819
176.83029
207.11627
156.43283
100.6427
124.08814
101.9981
82.30476
159.7584
167.94362
118.54462
197.63388
199.57047
121.77776
154.77856
121.52402
148.33316
168.76247
123.073
153.4357
144.40788
111.470505
168.52354
168.8117
179.78929
126.994804
101.69767
111.79788
165.78212
75.68576
172.10265
235.99628
86.17171
104.46091
246.83768
161.45071
129.0629
167.31454
110.46826
232.0038
127.25811
157.21324
195.8321
87.88536
136.19508
208.18472
109.08841
130.63992
138.36768
120.97422
102.67919
161.93744
138.79538
181.65892
175.36809
154.50082
194.66257
115.92877
180.9035
121.49049
181.90164
86.789024
133.83083
129.29745
172.32892
144.23035
128.66193
123.99205
156.26491
146.56358
323.17624
591.411
283.34827
78.76701
123.06836
167.74112
218.3088
285.47415
73.03073
231.83276
93.07815
193.76613
160.76343
268.9673
162.70148
127.23994
145.8124
195.06978
93.7777
281.95203
321.3222
133.02327
183.62195
426.3176
109.23857
366.78564
304.65512
133.51572
125.125824
98.38669
282.2888
133.25214
299.4291
236.82051
117.09328
273.857
163.2097
95.62463
187.25763
123.3264
263.11963
110.89305
235.35529
77.45594
163.56198
84.709145
268.1059
169.53659
225.50969
169.26959
168.62917
131.04993
144.59993
120.77878
117.376755
116.68587
157.60577
154.43137
85.93526
144.81557
159.00014
174.85638
207.03584
117.8378
215.905
74.92041
83.56677
98.478676
159.69713
131.17896
215.3978
76.97718
161.97272
112.05255
202.88777
114.35799
163.63611
132.07646
174.69606
206.92287
161.01122
157.13019
149.2698
98.05086
108.717674
83.25451
179.68393
77.021484
107.25136
144.04868
122.34202
161.78705
126.39916
123.69029
190.42969
157.38438
198.89777
115.30487
69.31796
191.65295
182.43996
165.83372
133.97417
147.36488
134.18198
124.96975
109.627266
145.69357
92.834015
172.93051
109.752
159.71649
107.17946
173.96799
176.00116
93.38976
173.47693
93.134705
157.49646
127.09781
141.92148
189.35538
281.39066
482.34888
181.20538
198.57407
309.62708
321.4821
280.57898
325.03986
173.63669
71.22399
247.80215
277.87836
334.37628
225.88242
285.1668
142.84917
85.056145
79.09488
144.26523
524.121
82.41988
156.51212
88.74646
213.67174
103.236885
133.10355
136.98103
317.7345
212.47284
188.85933
145.21147
151.83911
109.319534
150.26707
254.97018
181.80655
120.3143
144.80087
107.18366
69.63753
92.64548
166.26457
257.96887
111.49389
98.24452
95.29704
139.10216
124.332184
93.51979
117.41807
214.50436
239.90192
144.55452
236.95163
119.874695
113.65858
148.90166
98.640335
158.90564
71.154305
170.00345
163.0871
180.31084
172.22452
69.915054
242.37955
108.28505
237.26694
181.02686
163.35577
82.14668
66.911316
112.75806
126.53179
204.71014
127.37732
216.80609
150.32278
142.31122
78.24727
106.04534
97.71239
142.72162
81.977264
130.93542
201.7588
139.12738
155.43063
104.25712
140.95978
122.1924
103.79286
186.13596
116.18904
160.18094
133.35352
160.71368
132.02094
113.569305
159.539
140.11102
128.45007
164.63861
119.9413
89.52218
190.8267
124.62935
165.20801
133.36087
193.30414
180.68137
91.90598
91.21953
181.63019
177.80957
175.31703
192.1966
119.636475
127.9274
136.9993
85.54817
169.98962
308.69385
577.0416
377.03983
260.06213
75.225266
294.7252
316.9274
92.95657
226.95984
61.336876
276.5207
188.18288
273.71124
83.1993
94.07828
229.31026
147.45367
406.22403
146.14838
75.007454
110.419426
180.29314
105.04864
138.22305
202.98404
206.78546
70.69898
257.28168
155.97514
108.85545
190.30537
211.25974
112.14212
263.56226
154.92072
345.473
273.20392
170.41687
109.70489
109.687744
243.63342
90.90118
150.04153
142.91632
66.969795
120.08041
168.7478
167.1001
195.46579
178.46011
160.43823
159.08548
89.441055
152.9461
73.33392
121.731155
102.38777
122.30706
118.679214
102.876305
167.0524
175.72583
82.353745
106.7722
142.6868
84.05173
169.58821
197.8927
255.9708
228.31757
161.9274
250.92358
222.66646
151.76091
155.97917
117.413
96.497505
106.34097
85.302284
149.2995
135.64807
140.805
165.00647
143.50168
156.41635
103.48346
174.19461
75.53198
123.17879
131.80145
105.49988
110.81441
196.38553
105.32451
173.21062
130.68546
84.428406
139.57437
166.8431
114.00842
159.16687
165.30443
126.93852
162.17403
116.42436
127.13989
164.02475
144.54477
172.56512
147.15306
149.59372
164.71046
123.12062
91.43758
137.33908
127.18791
116.4399
98.5013
129.66531
87.21286
72.316505
158.47638
229.44376
157.29077
187.19089
155.56154
87.75909
566.73596
452.1546
95.11686
201.95451
85.71184
306.52472
249.56573
362.67856
168.7768
190.94136
92.57564
147.20383
262.47748
74.49078
195.84662
160.73663
216.65848
335.55133
117.50989
59.918877
81.19694
120.90933
114.99916
67.950165
177.44531
271.74808
222.90573
104.52761
204.45993
249.57698
77.280365
84.7387
141.18985
108.27913
157.72194
187.87442
114.666405
262.12457
108.03058
110.22846
158.80354
150.21033
311.53613
321.48923
188.79944
157.6337
149.83662
157.2502
107.68216
235.85915
128.41194
278.5576
95.28613
95.443504
145.3809
250.76443
141.9552
211.43936
78.61086
141.08804
123.51029
145.90276
174.33072
115.38512
173.32657
157.08727
150.73947
126.8779
144.59705
128.23303
74.43906
65.71155
70.45938
188.65082
100.64021
154.62265
152.00464
88.12784
108.706276
115.88515
95.885506
120.76017
176.59558
146.88937
143.19684
173.94904
106.84101
116.46459
178.18188
108.92401
103.72508
111.18109
100.47058
135.47086
211.34972
172.86075
150.82315
126.19773
122.645294
97.102264
142.58665
153.66713
171.49316
122.456764
138.97725
137.00235
198.04904
128.79468
105.71013
235.78722
123.50714
151.78687
140.2219
378.25928
122.67244
312.10938
364.46503
73.94343
63.315155
217.97076
297.78607
235.27197
172.6145
88.218216
114.68673
553.4681
160.99332
170.37854
74.712204
73.70379
107.05968
198.45628
69.499344
173.953
67.39259
114.798325
185.19168
125.42587
259.76917
153.48863
204.60103
115.74396
166.69481
264.98425
104.23161
242.41664
76.09357
128.31393
80.57733
104.96738
239.4318
303.90515
145.13582
112.33826
118.93147
159.86482
138.14622
87.85326
66.49465
152.48749
125.9761
79.34403
120.73129
113.964775
192.95325
103.57553
138.4718
185.9982
341.84332
168.18855
215.91615
99.326385
124.0276
156.49098
247.05
146.3688
144.08195
111.51167
105.254974
91.72012
144.13612
80.18171
90.33016
89.46702
152.65852
109.22652
101.06544
79.387985
91.809235
169.36226
176.66907
154.08456
157.08829
236.86388
282.38232
112.01223
226.17694
237.02594
125.22751
126.00139
97.639244
211.51157
146.34848
149.44893
122.423355
174.7077
133.02722
141.35352
177.89249
234.36801
229.54541
165.1955
121.64201
93.59846
100.5695
158.298
135.79338
104.68451
139.68123
102.8125
110.97699
150.8161
97.76488
158.43665
117.68335
185.55005
154.91176
131.65717
165.6669
161.63928
167.95021
155.93552
163.75546
127.387566
221.6929
202.32037
559.0625
111.02855
145.18533
107.83006
250.34424
310.51678
263.4431
201.93596
117.576035
167.7629
143.44601
139.13092
181.51869
145.414
203.47144
91.53465
140.79639
338.98376
116.61777
142.3411
143.44298
100.2403
256.7774
108.451385
206.52684
128.10289
129.39442
81.55693
210.57693
264.59058
183.72116
222.2854
114.00557
115.99156
65.71004
115.0409
159.2486
212.77487
60.092125
87.64018
118.394684
73.03911
244.33562
144.61092
72.17509
351.1592
129.66571
183.63582
73.39675
155.45679
316.11975
193.58908
91.79526
75.93588
97.9496
98.31433
122.60251
360.91522
97.303375
289.6875
202.00049
157.46
148.7257
186.76736
164.24802
94.95322
138.5376
132.40634
247.43549
202.27992
247.19589
111.72682
112.62185
167.21794
156.36975
103.43151
151.07559
172.1565
120.36325
124.72099
74.49486
157.01855
128.3137
65.85888
148.75363
131.8586
108.99966
153.30536
173.27316
106.68344
165.31879
106.59514
81.97101
156.40765
124.932175
82.41649
83.10106
103.05368
138.4172
140.25693
162.91486
117.593155
136.8519
148.89917
83.388016
79.622574
122.90007
86.56311
172.01643
145.00049
94.89638
180.59741
113.383354
148.72775
132.07056
153.04922
102.903
92.03653
125.95294
74.29474
248.32939
73.26371
235.22647
118.489914
113.48046
300.4728
168.11905
217.73688
213.99011
259.84137
116.25371
265.3877
295.98282
344.0453
204.99681
220.45729
330.18005
70.81538
430.3737
80.923035
130.76814
88.86476
495.1071
165.31465
108.12863
137.33337
148.94077
210.12424
72.036514
148.7861
80.92906
143.5742
98.94719
76.482956
125.23316
114.57939
62.249737
175.78987
217.67615
91.21523
111.22325
89.81179
73.85614
249.12367
90.82495
115.40192
121.832535
73.24892
265.75208
166.79303
170.27005
116.38576
64.39422
172.63695
166.9761
94.091736
169.72826
207.08527
138.45276
262.4564
148.43887
110.653076
156.5219
242.31522
111.49161
172.65598
97.50227
146.12999
208.92578
118.42977
131.6576
82.74579
98.988525
184.80772
99.1779
159.96173
153.01538
67.39108
108.49866
81.68218
152.31354
103.814804
118.53378
143.15569
126.84317
132.16968
137.52115
101.07275
102.756454
151.28284
225.5351
152.95207
139.5263
149.9032
114.03308
97.274704
185.51537
175.95332
139.00507
149.41464
187.00278
190.8909
104.70281
123.60303
128.55319
104.3971
84.671265
153.55952
121.10478
73.024536
148.03954
137.58237
111.29078
147.95227
166.65288
140.42905
154.24196
157.52054
133.63817
150.12454
288.38666
369.57104
155.31293
168.94617
61.36052
252.26459
247.20499
181.64513
402.4997
545.0028
116.92579
299.92148
112.57572
66.06142
296.1296
82.494415
183.10352
217.72731
109.05571
78.06375
67.08481
96.892654
172.80923
82.74071
141.09903
208.76068
90.6721
197.96341
206.8299
86.55359
99.87954
290.75458
115.151566
202.1359
149.73108
242.04395
253.78485
280.34106
119.982376
137.76263
223.18536
157.10971
165.89287
180.74158
235.54112
104.46751
63.580376
128.48007
144.10269
202.3061
193.31871
86.89102
140.73601
116.01341
131.93906
152.17894
149.13492
115.271
165.7938
77.852104
88.51681
91.424576
149.16574
79.604095
132.02483
230.46277
148.98587
161.16467
104.511536
71.2874
142.23557
118.09996
67.65198
140.32193
77.21669
119.38301
98.917946
93.767624
168.5238
119.73802
130.54486
142.89026
155.49673
97.33925
196.98883
112.208015
153.18225
146.96869
132.72247
111.017044
150.16058
75.883865
72.52834
80.389984
181.84294
168.90749
119.3102
93.034355
137.63586
128.92477
87.461395
115.11171
120.513466
131.04132
108.1709
117.980545
133.57663
101.419785
162.2203
148.61823
152.09976
143.6093
105.89917
154.28558
127.29784
152.44843
171.52054
119.59086
128.37961
136.82492
127.34876
92.01615
150.767
180.82404
463.1033
91.57728
68.21399
309.4411
78.718155
201.02719
123.393555
76.48593
227.22874
316.59082
151.20206
245.10492
283.27203
231.24059
108.407486
143.02603
133.97702
168.042
233.93234
98.77244
334.8297
156.03241
224.58173
82.04975
149.18013
128.12045
129.45584
145.98605
129.73915
68.698105
136.38554
142.58614
167.1221
102.76336
85.543
284.12836
245.9461
253.32089
89.32264
263.90753
71.011894
103.74384
203.91316
115.34941
119.83861
152.67577
218.35733
208.33426
115.52173
99.14385
81.88858
168.31161
108.69172
93.6892
461.7129
141.19809
159.51526
113.03184
197.34923
78.509674
246.72318
130.53706
183.34964
106.54137
161.76944
113.593994
138.62906
157.63454
88.02953
113.05383
57.378513
143.70615
132.983
188.57913
97.12073
100.39458
90.64848
126.44214
135.2633
206.0582
159.19908
176.2117
151.01532
135.27917
121.56807
124.91111
67.752686
131.19922
153.09193
76.85061
111.88657
112.75913
108.29408
84.14862
133.30539
118.41269
95.22228
69.359055
106.03989
121.32919
97.83363
157.82764
106.406006
182.56161
156.26367
176.02728
129.30846
91.07922
149.13744
148.6234
112.24272
155.40521
139.56403
112.00072
76.07194
81.92334
126.76448
138.88316
287.7283
182.65616
199.30232
290.2276
145.25366
166.57793
330.75665
225.24954
97.01222
98.74018
241.6976
80.8965
98.5537
138.57103
105.59631
188.26637
66.59818
466.85132
157.94897
471.6798
277.93127
164.526
260.73962
221.87793
292.4583
118.01369
243.31612
103.16979
217.10657
82.96175
241.4539
219.78043
105.31645
130.54208
134.59843
66.08575
58.81293
159.03593
152.49248
151.49077
271.31335
133.15503
61.1951
116.974396
234.82124
68.926506
161.9306
102.89033
91.83201
86.472015
108.976456
186.76457
201.30159
127.08246
65.984985
70.114525
176.55814
180.82065
143.72789
177.69284
104.09309
76.41369
86.78239
198.67358
156.2056
169.04239
122.4399
196.26256
146.70715
69.43765
131.41248
85.75178
103.46887
112.95611
107.13693
139.19531
84.327225
84.97056
137.10349
146.74895
148.88815
116.87567
116.41557
118.60937
149.53099
86.17529
158.54471
149.73778
161.41345
99.66435
159.41803
119.97575
114.156876
144.57736
133.89847
89.16033
79.57931
110.101685
93.1398
112.69409
141.5087
138.71883
144.25562
97.64634
123.10737
131.72632
150.79681
146.46759
101.41052
143.60727
101.13291
68.28256
114.63404
135.21082
141.4123
82.560234
127.900955
129.28305
136.10281
105.66972
121.48677
354.6771
79.41354
125.42025
105.572754
64.28624
84.10641
170.26196
248.47891
104.068886
292.9171
181.32831
254.14745
160.80933
239.81252
285.61572
67.32913
157.65639
122.251205
126.76809
186.50546
232.0847
136.16232
118.61349
113.868706
211.41327
88.99114
253.39038
236.89267
88.797104
73.897644
285.12793
93.10344
162.54967
85.69241
106.14151
189.5581
204.9711
342.94968
157.65079
174.06656
450.14285
84.58031
152.62463
142.41998
107.1629
178.09897
155.72449
103.47682
96.47061
127.765335
179.60857
65.21837
217.38315
93.080574
228.76733
157.67703
72.76619
131.48114
209.0996
77.673325
98.492294
90.92652
105.87177
197.91257
91.293884
160.83575
205.07819
83.95268
110.95285
67.67017
309.62518
83.40474
146.82048
109.6286
179.44995
127.84025
137.85614
63.396187
128.28777
144.68823
123.76999
101.21802
108.245125
62.180542
142.13824
128.71857
86.754944
101.46327
136.3992
112.03137
78.43994
138.70515
109.17201
116.29271
121.95559
72.954605
95.26701
147.36096
90.47494
101.247375
115.943954
131.32306
257.66678
157.52435
164.24606
81.7837
144.74396
155.6207
155.8595
109.76079
135.18597
137.39093
158.61678
129.12943
158.39139
143.84949
116.28688
134.70232
98.9498
117.20075
123.06973
83.77509
346.96655
551.0956
69.527145
71.936356
184.02509
316.89792
180.18983
124.40618
192.8614
95.714836
65.9729
196.72722
274.65375
172.73778
282.6761
112.51403
96.56748
122.481064
224.32892
142.01233
101.23595
54.704884
77.93089
136.85571
83.31703
280.45374
139.38525
70.61208
144.6157
219.70486
278.12662
167.73158
122.13548
164.36002
129.42976
67.04976
148.56775
122.43015
247.11005
77.10765
233.66768
149.92789
81.053375
85.96066
204.07083
99.497925
106.58545
82.918686
236.35745
266.54523
106.12736
143.09825
106.37737
125.355804
219.92062
123.54663
86.113815
57.865047
105.41655
192.84064
271.25684
98.03763
98.21147
130.51541
65.50756
161.80884
92.003525
133.55414
75.098145
73.694275
205.18585
164.00797
89.54313
137.51111
112.42271
175.96303
130.8985
176.59416
89.60639
68.41789
124.29375
144.78284
164.17947
76.235466
83.364395
205.08167
163.26196
102.7018
131.94588
107.69035
136.92714
88.23091
111.33748
190.67923
114.46752
145.91998
132.62686
185.66829
99.78018
102.71119
123.010956
139.46642
116.77925
120.44002
129.75557
145.04037
106.689316
114.5921
116.49879
117.63984
147.28058
119.10013
118.49212
154.28192
101.80664
144.51642
116.67868
157.10425
141.53229
123.81291
242.14368
75.5002
81.916
355.81778
176.94522
288.2829
198.30475
93.261444
284.84415
263.3291
210.50046
156.22855
64.42384
232.53458
90.63406
173.86032
277.4495
107.751335
106.42741
382.5596
154.15707
134.245
102.44739
65.12153
81.886955
106.70094
78.78606
169.7928
76.16573
465.9888
176.95781
134.5267
125.278725
142.13959
100.298965
121.701836
121.86853
124.83693
208.83493
63.602142
127.67768
87.45734
117.57205
78.23015
128.46664
96.8251
103.585075
136.4129
121.40271
100.13003
133.04327
214.47067
235.37564
93.625595
139.32877
238.4682
210.98503
106.738846
79.08327
106.48525
98.61789
182.74521
194.66226
96.58409
173.78992
111.36442
90.321815
96.37847
104.39665
132.87924
133.91524
81.61577
164.16211
107.05858
127.981995
224.8627
236.89896
79.02188
161.4812
100.69701
70.61325
64.94422
132.01265
194.37953
204.66437
164.82169
144.44876
111.81032
141.64429
145.90906
136.95581
139.54724
74.964905
126.05299
108.509
114.9603
121.02911
180.29483
150.60123
112.639366
72.473976
110.45216
118.8065
64.11034
157.465
134.99861
109.92282
163.69765
153.36908
143.76324
161.12776
127.951065
179.79834
124.52738
72.86507
88.42266
93.27542
63.97354
81.00081
85.577576
125.71294
83.88283
232.9628
75.98872
128.29382
100.61655
131.43869
130.83768
363.18604
302.68152
68.12197
222.73495
115.16923
239.45444
218.69307
187.10666
289.60858
220.18944
533.34265
135.19662
314.33472
199.89139
82.61481
263.95853
284.58878
191.36826
249.40115
140.21072
73.798676
130.32672
130.4418
166.9252
102.93361
223.3651
102.51247
69.873764
211.42545
133.27739
139.87123
124.11419
117.33113
87.06477
53.64219
159.29655
190.41125
133.52814
58.81931
59.95969
67.62746
71.07135
109.19043
85.114944
137.86841
128.62656
108.48294
64.63083
82.90714
125.45957
84.4185
122.865204
114.55441
160.44681
193.46536
106.569695
108.9758
141.17932
82.83478
144.05194
101.376724
98.4455
151.07805
165.57428
103.2092
120.52167
138.09592
167.03276
78.387085
108.71769
65.60774
116.178696
88.667755
104.67587
125.48412
175.82733
119.765045
234.84221
82.75136
111.25836
98.14276
96.54471
139.40381
146.10211
168.50583
113.34535
98.52226
68.81752
71.46709
112.90787
107.3647
105.15874
90.477646
155.68512
111.003815
101.021576
190.92505
83.20143
131.05463
132.03435
144.06868
158.45935
159.58435
140.59978
169.40042
133.76382
201.38513
143.7223
135.24628
161.58424
97.923065
94.03113
121.13736
92.99102
131.72745
126.78226
149.04007
134.92018
210.64838
469.09485
97.353836
102.75689
182.35446
141.12244
109.86252
107.680466
200.61584
191.62575
167.97964
151.25296
276.0246
229.40782
287.96033
109.40617
53.57734
229.95493
148.53552
178.53586
103.43947
296.31796
143.06326
121.407684
99.890755
140.62463
237.73738
83.79399
61.68132
64.24034
75.31451
95.91033
147.18323
70.031296
96.020096
63.88888
71.02836
198.3339
121.90793
232.05463
171.12895
198.4791
194.23425
140.97968
89.48149
81.5506
60.928635
107.388824
113.661896
276.52277
87.70444
119.4096
441.45517
106.464516
144.262
79.908966
177.49153
75.02002
139.2276
254.12831
72.26216
257.37793
251.0025
110.7464
127.7913
107.58802
106.13494
74.9411
101.302765
220.55264
98.92996
86.26022
154.23686
122.19946
95.60976
131.27287
138.92097
61.089527
122.67149
72.26524
125.950485
171.8524
169.8667
142.97253
100.63766
123.20908
94.90455
64.79718
142.60883
144.06697
110.27138
107.21822
125.240814
88.46761
129.85855
88.94699
89.52327
124.62695
136.85052
86.631676
135.73207
98.886734
120.14424
136.15471
155.42795
114.00099
139.4368
110.241585
103.572365
157.34723
73.98095
155.15984
94.709656
138.92612
100.15912
111.93226
125.40581
181.58475
102.93506
118.97317
240.38487
243.56805
221.27206
122.52443
214.61093
87.6793
68.59558
223.22104
275.18146
69.71246
282.7237
186.76988
71.166885
136.552
336.6122
109.52677
193.20796
58.43036
515.8506
70.22604
277.6471
338.83044
166.71103
131.35501
86.3972
106.401794
132.41649
116.543724
185.75354
128.62836
72.762054
137.05936
145.77826
83.8754
167.12227
277.89154
95.29756
234.46579
196.21832
128.5061
126.80399
228.91989
128.66289
84.10352
92.45393
160.75677
91.86943
72.180145
179.94882
130.60803
94.93714
170.42273
125.41831
76.38139
101.50423
158.3981
116.611694
117.2395
101.17903
101.29961
62.750027
131.01526
190.86972
84.28438
107.20175
198.71631
132.53494
120.26987
90.83359
171.40543
125.18042
114.04704
134.19473
65.30732
66.58946
71.101105
133.31783
75.21692
150.77605
96.85732
71.43118
137.05423
56.17518
147.55981
141.75793
140.86938
196.61758
91.00856
106.692474
68.20794
104.03796
95.412346
101.48553
81.272156
150.96222
72.1987
130.9224
132.72891
95.602585
141.54907
90.84042
122.79289
101.26248
152.1053
94.46804
157.82474
88.14711
125.91904
119.66936
117.38048
148.88237
116.60768
94.40962
123.26561
107.22551
147.1759
114.020874
105.09127
65.79021
187.04291
127.33226
61.45996
171.91617
272.68503
110.95226
112.53245
224.09258
98.57392
87.26523
128.59615
498.47083
249.67654
120.74777
138.57567
80.35627
58.353325
112.852135
363.83978
57.501167
269.4703
97.30119
125.74738
232.7304
139.92819
98.1911
71.61171
306.6646
265.77795
237.41275
77.93657
125.56265
82.15839
237.19934
237.91626
128.77872
179.01678
83.2339
90.159454
61.393246
138.84418
186.94592
91.45088
126.14419
188.42473
152.67706
264.38916
76.19876
100.92186
124.94469
209.09746
79.740234
136.72334
142.81247
81.62564
137.68623
115.94046
195.68979
108.659706
164.44124
139.06323
170.30005
229.14441
76.37125
88.52785
129.99292
57.7206
105.20888
75.162186
118.568756
169.66824
121.34224
130.45761
86.77668
130.48566
95.680466
186.83485
69.19708
170.37009
102.05411
137.72989
117.357
102.7623
150.73349
88.08541
179.961
121.00579
150.27036
118.986496
99.39717
64.189285
104.54967
140.5604
133.98492
102.9158
81.57405
91.65045
82.601715
103.6679
102.098656
121.05748
114.59598
71.37509
159.63197
114.57924
74.169106
162.62164
97.69489
128.72217
132.0597
135.95517
114.41721
147.52756
128.69876
105.64754
100.98479
144.73338
124.524765
64.6635
87.28102
60.448566
172.1331
151.17201
89.691574
225.45357
53.69005
74.5607
516.50854
242.39352
82.09924
84.868546
137.2055
268.67462
173.12799
279.5606
134.51172
201.18358
88.12161
167.76698
127.88898
248.81891
253.16069
110.68974
296.63562
228.98337
133.47046
122.69269
87.78972
352.5111
83.06096
237.76111
129.04782
60.86742
66.7706
151.36784
112.720856
215.63783
110.07262
86.1882
190.68507
85.890594
97.45256
184.21976
63.09224
224.65588
55.370213
77.26196
113.29889
118.214676
210.33545
65.76366
89.91739
118.76788
108.77
91.651
95.07377
128.10884
152.3811
71.93738
129.86742
204.00282
119.28387
118.03963
64.8398
135.7165
67.57387
144.06807
77.89189
155.03482
260.10657
141.3458
109.35071
106.540215
69.18536
187.42078
131.38855
75.568954
142.74438
109.75244
160.50952
161.4446
110.74968
99.14972
121.392075
143.5404
105.59038
96.633
74.60249
129.79912
173.76686
132.80956
149.7273
82.45317
100.23658
118.636986
101.49859
92.460526
82.702446
106.94332
71.73811
95.93531
93.20505
105.24599
73.46144
136.87064
135.05505
154.04802
140.74759
92.44272
129.69919
120.25224
123.64154
98.873955
134.41187
145.93971
95.025314
100.12686
133.95549
154.98509
124.81653
132.56026
255.18188
78.81003
508.37653
76.010666
133.77228
198.19217
142.19022
237.2449
191.78455
53.880894
61.716576
233.99208
89.10138
257.9926
239.0818
184.5597
104.6764
203.387
272.86737
161.2163
59.340214
281.25018
145.83466
73.16058
72.3777
74.194214
216.48346
121.16121
149.82867
62.024643
119.7654
116.859276
69.26082
350.3325
131.94812
81.17598
87.88806
128.18707
100.06503
79.6375
191.50006
62.585594
274.1364
61.126354
102.861664
91.69255
156.75081
142.27745
155.53563
108.81612
148.1946
180.38707
189.36809
203.05621
76.79183
93.56973
132.26736
110.618645
177.21344
76.71535
236.16684
94.71338
117.29341
103.75383
217.4562
85.02864
66.29359
164.21509
122.471924
107.93718
133.52237
141.30273
178.61172
149.58586
135.49255
138.57251
135.5792
129.92996
78.34544
101.9403
97.696625
117.60159
112.29613
130.16571
102.23768
150.31372
141.10771
73.36726
99.45352
106.608574
64.8427
89.54387
123.14836
113.135475
128.38942
70.560745
115.418465
112.85965
92.63549
91.10091
93.79596
81.25034
145.93915
105.00687
96.80736
122.37265
134.13037
128.57698
134.58618
137.19246
105.58848
131.5641
99.35451
92.06819
133.64584
95.7513
129.07408
121.19512
125.33882
105.11275
80.85315
67.50971
135.6855
221.1349
124.07609
294.45853
284.4748
59.684174
543.03
135.63928
332.17
243.60036
82.142746
192.5627
142.52515
264.83286
58.726402
115.49403
184.98961
319.62646
162.33014
95.000755
97.20044
65.987625
226.72078
262.07297
87.09421
64.261406
116.323105
68.03051
111.3163
187.20184
129.85214
156.6372
61.668064
82.870415
84.687386
67.57826
171.03653
127.47107
76.43506
65.427315
101.34237
137.30725
191.82907
202.59622
166.89795
141.38544
132.99768
172.2905
213.38081
81.58355
83.80536
89.403915
69.95613
125.853065
83.44666
101.04347
135.74231
100.31702
109.60712
169.00209
154.22502
124.08391
210.98082
134.14081
101.28378
120.08475
87.77884
62.264793
133.66827
100.34815
76.2308
236.34256
117.86643
140.31805
137.79578
224.76993
136.16557
159.33119
113.17289
146.2179
173.24576
132.73509
92.73923
56.53064
75.80795
112.504105
105.19132
73.38667
133.23537
100.36969
129.16148
106.665825
115.83595
101.240234
146.22522
89.75203
103.65638
149.39159
67.372025
132.71695
73.75334
100.16523
106.70856
64.29678
118.799545
89.24991
111.43335
127.53256
162.77538
76.80499
118.705505
91.78688
106.32362
94.47641
132.01982
98.66822
117.45227
116.124565
91.030136
103.62895
129.56581
183.87727
89.87419
89.02988
59.035896
120.111404
150.31499
211.87085
406.33154
218.03789
149.76819
283.3529
121.26376
94.90861
268.89203
85.66059
102.29826
127.08326
113.35355
79.59662
80.01228
78.13642
52.71085
209.19635
302.47223
238.5888
62.908237
56.551865
229.68929
136.61853
128.28922
221.73398
240.11327
108.75456
57.294
108.25546
83.8407
64.99579
412.3495
126.25996
131.87692
141.41913
58.42717
84.55921
118.82242
334.75293
257.52393
57.4395
207.8209
95.74394
84.53963
122.522385
121.555374
109.65221
192.79294
101.37957
128.9877
93.5587
98.31979
121.962524
147.79535
69.47985
114.35575
183.59247
127.65534
68.85509
148.18448
196.44524
75.43162
164.82547
90.94849
155.59079
112.67888
105.10431
94.7439
133.78958
100.08777
78.34398
89.67846
146.7014
67.65665
115.79129
120.0338
188.22824
89.81173
73.75623
168.67368
125.83235
134.97437
150.36964
185.52286
179.90302
122.87085
156.9422
102.586945
167.48117
108.77762
102.17227
75.77566
144.0536
123.86304
127.845825
77.91336
67.157135
129.99944
135.6012
98.54144
98.8029
116.736984
105.61347
129.46228
78.70088
92.085434
121.119835
108.57108
85.31484
111.0211
87.77641
78.81154
100.778404
80.00934
495.02042
57.30388
123.34151
191.17227
185.53131
86.16677
124.79974
219.0802
214.46193
76.96863
266.56555
152.89955
357.78714
226.39474
268.29803
64.77097
259.46182
201.9328
137.41748
234.51123
296.58478
129.45242
70.91633
67.579956
117.665726
91.84675
82.09726
72.57375
98.155975
184.4993
70.87102
109.84703
133.08763
149.5246
253.13539
142.9076
92.10859
81.19904
118.47529
94.011215
104.03031
200.62039
170.91104
120.838455
156.75766
58.68089
72.62579
168.796
95.3058
134.26608
89.15883
93.487274
127.4991
60.643345
87.44914
109.72417
124.752045
122.22572
231.18044
175.2198
76.333374
112.63763
195.80386
199.32803
146.80583
125.973595
145.82404
59.418114
98.145676
110.716965
130.55014
60.330536
81.97261
61.984444
116.4271
134.8828
159.11395
130.1489
162.72668
185.29512
72.39367
84.9725
97.29761
112.67079
103.58238
156.8623
141.20209
130.60193
145.23515
119.95588
90.07388
119.233826
97.087326
70.98825
125.90723
122.09568
116.33122
92.1831
150.27644
71.20057
67.74751
133.6041
103.2641
64.88164
73.44319
118.24989
110.979935
115.88557
106.95499
104.88191
82.059555
82.09245
87.69151
107.498505
128.00679
101.80002
116.236404
104.16797
78.42861
95.04275
95.31367
268.48636
179.13666
64.55651
453.81232
244.88184
78.23593
261.7396
201.27885
92.744995
65.56354
50.65165
193.96994
136.93213
401.11264
64.540924
82.87401
263.8261
222.02759
120.50635
207.24438
120.53633
246.24539
88.327675
85.25609
139.09601
82.37049
71.45763
113.19639
166.8461
98.66433
86.56191
117.3248
232.1688
152.27353
111.01466
73.044556
94.406784
89.46297
103.250534
119.42865
264.75143
118.796745
93.9285
103.15318
125.3978
153.73248
97.599205
188.6904
198.15637
77.40703
271.9556
84.32669
186.2138
126.926636
120.37268
83.70761
65.2191
59.692425
129.37749
126.03404
139.33528
91.39471
86.3419
63.84827
170.77489
153.10925
124.701866
136.54941
63.44905
74.45077
208.98401
77.963585
178.0759
127.14682
55.175323
95.354904
140.25162
108.27644
127.525764
148.14459
128.24231
171.64098
134.36665
133.96414
89.755295
61.91015
128.50421
119.111465
112.069244
112.56775
99.116165
93.73387
167.21606
155.25629
134.20006
100.75404
148.06166
95.19118
124.07998
116.101715
102.79586
90.651596
137.55469
77.26648
102.577065
144.51813
124.40251
85.09435
75.48048
75.57108
102.13081
138.40646
86.883316
104.15981
116.09153
110.232315
62.682327
108.38341
124.54679
73.886284
96.727325
108.25512
148.29385
349.73932
139.03488
236.9334
319.4615
192.7418
89.04413
89.21245
50.5144
112.70742
140.93399
257.35757
111.28056
251.14362
74.67904
121.39855
70.203445
54.874477
134.9654
139.49539
244.91406
88.86652
480.7271
93.386444
54.32586
73.48767
180.53842
78.82546
198.86133
104.71571
252.66441
160.75418
124.98504
71.44708
73.47011
93.736176
209.46283
134.27505
63.2275
67.5608
115.03372
103.309044
116.90893
114.59386
107.035706
228.37462
85.83162
131.4678
87.928986
215.46432
111.76027
177.88937
67.62134
190.74835
186.27466
215.19206
70.41316
130.11012
113.20619
59.618008
77.20737
237.48227
112.76488
94.31468
100.24272
121.837494
52.997013
100.5112
125.97269
65.84937
82.33938
109.84285
82.584335
127.99481
135.13908
93.25064
95.75674
136.2777
92.58773
123.451294
91.990555
152.69754
78.414215
89.72716
136.96439
73.765915
151.89629
187.51819
106.06654
169.90747
134.1889
175.68521
64.40848
173.09163
109.56055
81.81839
63.550713
114.54093
122.272766
104.66611
123.11621
82.79201
136.90286
110.05701
131.39877
128.15671
101.18341
99.48559
92.109184
116.464645
178.58954
108.09392
91.21213
131.14877
155.62386
83.50395
113.84671
125.11493
109.39232
99.63097
213.64203
226.77449
80.370224
249.62259
186.5159
122.586
255.61931
95.93567
140.42924
362.12646
168.86331
135.3115
184.7776
52.60987
50.923527
82.6355
58.5379
174.77528
255.94958
121.84932
67.133194
124.76933
126.93744
148.9307
222.1557
61.85379
108.58366
170.51184
94.1361
231.06204
320.08722
171.64236
132.75784
125.28288
88.21115
87.32363
120.64433
171.49265
122.25209
70.0119
98.05133
56.64097
450.09174
132.04605
83.13713
204.28183
259.47015
72.17964
73.234505
94.851395
93.80992
117.57263
141.82967
116.52328
122.57093
187.89821
119.93059
68.91228
125.21821
97.3608
89.74495
122.83356
127.44834
138.4909
61.776623
151.25925
209.03271
157.7811
121.860954
129.66612
141.52563
116.065125
76.59105
98.5062
113.34997
96.23065
216.96594
129.82635
173.52475
85.82939
68.489944
105.78919
139.17094
122.931244
84.73634
151.26088
127.04683
88.16849
83.31298
126.63281
146.12314
96.02954
109.87799
116.307434
98.04736
108.984566
116.359146
111.167145
74.82938
108.82773
99.91705
137.97186
73.1252
94.99666
99.34933
110.47908
90.51152
64.70028
121.88699
92.66198
111.54311
62.342957
65.3287
102.04724
75.549866
94.517975
81.219315
94.87705
82.51553
111.4541
87.81965
55.926964
67.71776
174.7298
217.65111
55.8341
100.96747
405.77567
65.19148
474.3004
131.92679
187.19452
207.55206
115.177986
263.11676
286.91617
60.708027
169.01022
145.49783
95.678024
144.33206
82.8656
83.50969
132.12865
264.65265
49.5582
112.1231
55.187794
69.31059
214.29553
119.18371
65.20892
162.76648
101.36115
107.336876
243.20631
60.96563
87.67641
244.8672
113.15297
120.694756
218.03598
136.20999
207.32736
200.42224
71.28781
85.607346
115.25598
160.9969
153.66046
97.36252
133.65457
214.39478
202.09753
84.88052
68.20826
140.7077
67.60951
146.77979
81.20067
97.45414
120.68767
119.924805
103.97873
101.238235
157.00378
106.448586
116.84004
120.49112
165.09378
101.26276
192.06927
81.9626
147.6229
105.58119
104.48938
119.402954
66.16373
192.40108
98.47925
70.520645
62.151737
78.017525
70.252045
129.48732
142.95604
69.51477
95.23448
133.19368
83.46007
87.73018
70.08167
91.50531
93.7952
134.79637
147.77112
126.060776
137.25964
80.70964
84.19374
117.30436
87.20994
130.1586
90.93872
86.37706
95.74282
130.33707
78.904175
98.35782
102.9976
119.35744
111.25455
138.89891
139.01237
100.642105
125.19164
130.66125
102.60872
99.86984
103.86563
94.80677
112.59582
111.85029
66.6887
216.05426
168.34117
103.04065
483.39935
231.54814
131.00204
269.55432
159.82109
53.59271
258.9851
170.45892
221.73013
315.24774
346.9449
70.53995
125.360085
208.90869
179.12836
196.37051
63.12474
217.58652
119.293846
107.430885
81.40459
143.88583
69.155655
88.32339
62.453064
231.60896
165.97269
180.13718
255.8914
91.24681
92.15146
117.47766
86.77881
171.44041
115.21975
58.833942
104.55687
124.02895
81.57889
134.13995
121.56431
75.56222
58.11496
141.45244
78.339584
50.11272
65.8652
132.50935
137.34819
121.52649
125.268
199.11531
73.206116
88.32865
149.43652
122.20203
95.5527
122.870026
129.164
112.89366
137.94678
108.6806
100.03449
87.397545
97.91182
102.58487
88.89057
86.454636
102.8616
125.21219
77.67818
87.20587
137.31107
173.55753
90.0639
146.68854
93.9542
100.21428
60.830265
103.96971
200.06052
133.15018
76.95958
111.37047
133.91151
114.50838
187.12582
67.63965
129.60272
74.56985
115.11923
69.09205
93.30759
153.6977
139.12189
97.90563
74.7702
99.5551
74.806274
79.2064
115.55861
95.89662
84.16931
94.11226
120.04386
114.31831
67.82175
121.09523
113.304306
91.126495
61.043446
69.711464
109.316444
100.071594
133.47961
135.56805
445.03308
150.52393
229.66562
57.292324
49.285812
275.03976
126.17363
249.14917
90.38583
75.078354
155.72034
121.85899
117.30769
135.50732
149.95781
109.31407
109.57118
100.81116
120.93738
60.807564
255.1081
218.59412
192.5
73.80788
231.21347
122.79373
128.74597
97.11537
92.75746
53.474724
105.67503
254.72809
122.90703
177.04465
134.7161
66.95384
87.342155
201.58896
423.04108
91.54353
111.13672
200.73022
69.73349
50.538612
89.95947
59.670403
87.72538
218.62949
131.90268
66.60572
61.832718
54.291145
90.470436
187.65721
247.89502
78.8613
88.19975
146.13858
124.32421
151.85114
150.86758
181.03598
86.281715
71.37929
101.33778
187.96362
103.831726
125.21869
124.92787
92.74907
190.61374
188.42908
81.79145
91.65669
56.986893
126.47704
74.58525
104.89049
101.84927
107.90776
117.18587
145.23317
69.40994
113.62813
117.26347
71.79233
122.99414
86.13251
159.2268
94.833466
123.033806
139.07019
113.30566
168.68683
120.021065
77.72612
88.00813
109.68997
102.268326
84.58382
110.12051
143.97504
115.490005
101.22573
74.43692
100.03345
118.06719
91.405624
81.425674
69.52112
97.22472
170.01657
72.267365
125.4706
77.21225
97.126526
133.04616
126.7081
89.54413
98.99594
136.91635
132.4484
364.18832
80.27353
62.542942
146.97003
105.74938
165.93857
135.98615
116.74129
248.58504
56.501373
60.617317
87.32183
249.79625
494.581
282.9489
175.16843
92.31372
86.50227
211.04892
92.64525
120.75589
181.29909
181.34071
79.19444
92.15208
208.54504
225.28447
227.57278
294.13965
216.06577
77.1969
194.8966
199.27591
240.92639
53.744865
73.848206
116.09415
64.2151
121.29407
69.68997
116.264854
63.538887
91.73736
127.7035
72.16496
161.6273
65.39386
122.4378
125.47716
131.61838
140.1016
103.76181
169.21509
106.45151
84.31943
111.33896
57.13974
86.42748
146.99988
95.265564
183.13626
76.7298
84.42363
82.07268
90.756485
124.21579
64.90949
109.57844
68.24139
130.8222
96.882614
131.03041
106.8746
121.72321
82.681595
117.12146
93.81539
101.42587
89.61803
91.24679
120.09917
68.80166
111.13789
177.67686
81.18983
58.844658
79.37129
115.8486
101.28613
152.40938
96.32974
105.93096
61.56604
63.62953
73.463295
58.1198
89.68038
87.29509
95.89758
140.23285
174.87659
106.26108
156.6282
79.83791
127.03151
158.78094
121.02774
99.162094
100.43324
144.58044
125.421616
120.99808
129.78717
122.9299
134.47298
112.7341
109.70856
125.62917
116.85625
101.643585
68.12654
257.93204
88.83974
55.394394
219.37698
135.28297
134.50494
259.46866
144.86545
65.70885
99.98654
103.942764
97.41272
94.003296
73.532036
253.80641
187.71913
83.983444
484.75232
74.530205
91.079865
198.66422
123.45496
122.497375
224.10675
221.85039
93.86183
83.92566
104.763275
143.59364
70.53662
55.82281
88.77608
99.40319
89.69519
209.23586
143.28824
114.74991
284.30362
224.64723
90.42682
86.907745
119.39664
115.349556
103.46417
344.7535
166.03433
75.76114
165.93593
187.06189
150.238
123.66979
51.614548
137.91371
97.27228
57.94156
171.32098
146.90039
58.024445
125.75345
73.97516
118.55202
169.48257
57.746403
91.38148
129.29504
234.42294
96.45062
165.95789
193.98285
131.02031
100.945595
112.277214
70.493774
91.08407
131.39589
67.4666
133.48415
121.64032
79.4192
98.08528
71.243774
65.32826
201.28256
138.02548
116.39492
93.72981
138.3619
175.96902
120.64847
79.29451
115.20495
57.97233
100.641075
63.89026
83.72963
113.50016
81.63161
154.10146
122.006004
59.732964
79.186455
128.99142
122.824135
81.46398
96.6749
128.57166
81.521614
108.34682
118.945404
110.06932
81.30129
98.452774
87.8985
140.75778
92.95039
115.30046
90.45806
108.13574
121.93011
101.84488
49.004692
221.42166
165.91856
271.6301
346.22116
166.4809
97.64073
273.06604
202.5326
497.2926
199.02629
140.97818
96.25633
126.01779
57.779633
145.14532
58.221184
84.78888
68.9542
84.783966
177.21967
108.803444
108.11443
83.97656
117.63826
218.29071
217.51395
122.96063
128.56387
74.05612
61.954784
116.84372
222.21127
108.451355
193.42549
64.53774
160.94463
64.774345
185.9667
93.39359
76.40436
213.49284
91.48362
201.6813
89.93544
165.82207
54.55438
70.54989
142.65717
127.97113
154.66176
64.74373
282.6785
241.8727
111.49556
165.79062
116.86326
73.695724
95.750694
90.93448
135.91388
68.033295
133.67068
120.438126
87.00586
118.36804
94.17668
175.61594
76.84126
186.95404
117.83223
86.05577
99.43901
97.16072
74.38663
116.966064
70.07303
102.03123
76.846954
72.33205
116.47096
112.62649
78.20337
73.72684
134.19377
123.02731
120.94054
64.35753
100.270805
104.69731
131.16925
95.18872
96.993866
116.86293
91.359314
52.98738
153.05432
60.929775
63.96379
122.243546
123.575714
130.69496
86.82243
96.64345
121.42276
80.925995
133.99469
133.60951
68.15065
88.9281
133.04745
110.60942
127.51266
130.1738
119.24033
94.370285
87.094284
120.03546
112.77936
99.771355
113.25399
266.872
223.26486
363.47977
54.43831
187.18756
225.14893
76.5636
93.23308
112.804085
499.6272
288.48367
191.3186
217.38275
160.93515
118.95711
102.08023
199.9119
78.521805
113.87866
266.7506
265.44412
191.21585
66.391365
57.46944
144.73291
110.36195
161.05484
122.25457
100.24983
118.27228
75.87662
80.517395
63.43096
122.5294
116.29521
67.27759
70.95292
212.59987
138.70653
130.3862
114.7566
67.27025
226.02686
97.60937
81.81995
53.06391
102.906815
104.04317
124.478905
124.04167
95.07785
99.30391
125.53277
91.721245
84.00666
116.23807
135.95242
96.98847
88.27652
110.54025
60.607285
83.989555
82.99051
194.23068
74.55763
93.030136
101.23673
148.82422
115.01663
77.78929
69.42492
193.258
110.64654
198.02785
152.64302
64.89061
175.51842
159.19846
97.23241
105.9547
131.29639
101.007706
90.92662
66.156555
91.08948
115.42943
86.90924
58.785667
56.226475
119.696655
84.63138
141.38507
169.84409
101.35569
87.228714
113.02741
76.181305
56.071503
156.11243
62.752262
73.806625
137.48485
132.16125
64.52072
131.11212
120.75029
132.3875
79.29528
95.97599
110.05458
147.35968
123.94912
108.34299
93.46576
69.44089
125.32686
77.148415
85.00671
94.10792
112.39349
109.311905
78.961334
216.17902
272.7512
108.38139
55.18681
76.546234
72.31789
104.093895
65.933014
329.98233
72.77814
431.0093
136.6777
144.24435
272.23877
63.08746
251.51532
121.43828
119.02141
126.68024
192.18326
55.117672
211.63705
175.23654
161.15765
51.175667
99.26622
139.00053
54.557476
93.03655
74.686874
203.12436
155.65617
65.52939
228.00623
141.2811
90.68686
90.82204
184.47034
109.31642
75.23206
360.7752
56.452225
114.6786
191.3627
116.68789
221.27597
138.01341
211.73775
91.05088
142.49573
66.13536
173.5998
87.96365
129.26825
160.7904
68.48914
57.4895
198.58316
165.0748
97.05887
115.72133
87.8138
64.934296
119.452675
54.427876
58.75707
91.95349
121.72718
93.91699
121.55946
103.593475
106.88468
70.29994
105.76175
91.01356
124.92267
110.85512
173.15967
117.91715
85.946205
89.6407
73.799576
88.92425
149.18272
68.09288
128.67383
94.87816
67.35829
65.005775
83.674255
107.86345
117.455154
98.133606
164.68361
138.9173
161.53146
138.93895
141.95045
111.490746
81.70998
77.13373
121.41121
123.76648
119.27674
90.88837
79.49731
122.37035
95.08503
88.90286
113.20009
84.77582
103.1751
113.39836
107.65017
115.395615
127.76304
93.65556
113.97612
97.926674
122.90012
91.595894
321.21332
205.7348
186.00732
130.6795
213.07602
253.23907
270.5208
118.321014
201.2443
222.56287
87.20422
240.56125
155.44516
204.07681
117.07437
485.0407
251.36343
97.592186
78.50356
255.96738
57.76965
90.45947
223.53952
68.84949
66.83806
222.47913
55.98122
162.18848
113.68203
144.8801
74.55015
113.06057
62.855625
109.131996
140.79199
95.29294
56.665657
150.6432
102.92198
53.266094
82.10872
56.274765
115.70961
132.24042
117.43944
66.97011
174.21031
99.7988
184.73827
136.85005
86.04624
83.22327
66.41934
109.759995
108.48236
64.66076
98.13043
64.19885
113.78814
124.00902
70.44849
75.52055
94.44243
144.4009
154.73491
111.06236
134.82751
89.88968
68.95505
96.802704
176.08551
95.09578
55.913322
154.87247
102.766335
107.58157
54.87136
70.60541
131.87244
78.496864
121.98393
171.59726
75.451355
104.093124
81.32952
85.25621
135.88083
109.244354
93.70739
92.13248
116.83775
73.58739
74.25427
106.68164
133.98657
129.5487
142.97849
139.73505
90.760544
87.022064
136.8047
115.90904
92.12109
123.84756
97.69558
113.24536
93.08125
121.10817
138.95285
130.6188
110.55416
50.534935
107.730545
102.60254
119.35567
94.72601
81.741615
64.00478
100.58238
90.296844
347.73297
51.45483
217.54474
225.76294
121.27878
368.3349
106.19613
65.1681
75.45717
68.52968
248.35602
165.9335
262.70602
169.62875
149.08173
183.45636
85.919556
248.50757
137.77632
224.92723
210.27579
124.96962
251.1622
227.0935
114.86168
77.829926
87.61978
186.07416
139.87344
57.68612
165.91394
363.124
87.97275
71.64744
125.1028
98.32321
69.5791
112.80906
63.94755
156.68828
55.461777
112.69743
110.29198
128.9493
81.83442
61.55593
92.70912
92.32582
125.837204
197.03651
127.08855
87.0445
190.99173
117.65085
126.3645
76.52104
117.133224
53.344734
68.26348
95.55177
87.23668
95.43414
85.560974
109.157745
131.1213
115.87865
152.07599
118.025955
107.76909
96.86316
89.89383
81.40239
74.90805
57.51042
49.981773
112.342865
120.283134
143.53476
109.578964
189.02603
94.43431
99.778076
165.28105
90.89979
152.69725
69.17787
100.35042
93.50337
79.060776
97.31166
113.80315
109.905396
117.15562
107.74625
59.265533
120.38407
134.57399
82.37738
57.035053
124.62486
70.99721
68.946655
127.21655
146.63274
108.294815
116.05228
76.6077
123.02556
122.39397
89.95457
62.787468
91.9401
119.379005
82.515236
65.31038
94.945404
139.09685
85.60783
107.18161
70.23288
96.37512
356.62158
385.77335
297.95834
371.16205
60.100285
90.57504
218.40457
66.609314
54.341446
174.23578
47.206867
168.60663
67.85291
76.68631
100.27672
53.63024
177.34726
256.14175
125.67811
190.71025
83.91397
57.958115
63.035538
82.08796
179.85403
142.0929
92.968994
66.871826
144.01025
161.80278
53.514412
139.486
115.16801
88.70277
81.36705
53.618557
210.99991
88.13881
298.5943
76.70781
221.67776
210.25813
73.96049
245.95479
114.03793
183.73526
115.30052
68.07585
93.68027
123.67588
101.04658
69.09204
98.66914
110.404816
91.601425
112.18628
168.94751
135.97209
122.65711
88.315765
77.867905
100.20117
109.64523
159.11612
83.49387
78.86917
213.15504
114.985275
162.48383
69.65091
104.09653
106.39827
90.2573
81.24391
57.483276
81.01448
62.960964
85.53235
107.0938
116.18671
74.09855
117.226166
96.27715
126.23903
125.5444
109.836464
122.71526
119.92294
61.459396
120.878815
139.48357
126.847275
102.84871
84.6521
82.45834
112.53507
141.80864
78.87819
56.70124
62.250336
103.1503
140.51155
127.04007
125.25336
147.59973
89.62642
100.55516
129.6131
123.01209
171.77243
106.566795
74.98336
93.91348
85.648544
110.74888
120.902115
99.50081
94.52099
117.02059
95.58348
121.81438
198.35797
299.64996
118.83848
108.662994
211.67311
111.99463
176.4835
264.48016
133.53914
70.11662
231.38077
130.1194
142.19911
105.88057
199.64636
101.65868
123.83888
61.851444
69.630775
483.01547
174.79117
90.789246
56.744408
252.61034
133.38771
163.82312
56.70597
92.17804
122.98563
277.3437
143.78256
50.379498
118.63005
104.428024
266.76996
161.78345
71.05914
232.70636
87.04441
71.00994
90.17106
201.16393
156.10095
112.54433
72.35301
99.601364
135.54652
57.137184
112.39958
177.97485
115.78383
53.62879
60.758644
164.48817
199.31305
114.880066
114.73202
130.39487
113.26332
104.36236
72.06215
133.94984
115.83036
89.592865
108.96988
88.56181
103.8599
83.71198
88.245415
120.91095
95.35837
163.95215
135.9801
107.81222
75.315704
67.167175
81.84657
96.6542
76.11128
110.63521
61.206017
106.189545
55.48343
176.26898
69.14128
99.13565
112.983
87.92639
93.41397
75.108894
141.34167
122.71393
106.05226
181.76884
119.731995
61.51499
100.50369
83.15783
120.15161
58.67083
66.02979
72.71168
102.441185
105.37167
91.83686
96.98599
111.747375
117.79055
65.561226
153.58093
84.975426
89.71901
76.67845
85.59708
114.73324
86.38321
85.66092
134.2198
94.331856
90.10947
88.88747
48.6593
118.33009
290.02454
132.45998
83.879715
70.258255
113.785835
247.57547
507.78302
126.434875
88.21257
313.9068
228.93622
149.80302
171.9453
221.96764
120.34326
99.429085
200.61519
89.61117
239.19444
65.44023
91.49674
80.99486
121.92357
128.70575
70.48459
124.709854
53.655754
157.80527
82.302
233.60837
140.61057
53.544785
104.389114
61.9795
74.21747
88.07726
104.54028
262.8485
58.02081
179.09306
70.88484
54.910706
111.01109
162.58255
121.655914
59.49872
85.13641
113.77892
68.358536
144.74393
74.797554
122.565384
50.037277
153.216
62.47965
127.39725
176.80215
90.21484
215.57242
193.70413
85.01068
187.91922
108.108185
120.59583
68.59647
110.2703
102.56184
91.42189
112.58502
66.619156
115.99352
86.31219
96.50302
115.80235
206.92407
80.298965
114.20894
159.09482
87.29164
200.53874
65.89859
119.176544
108.24893
103.37182
138.39682
79.70313
99.50131
107.1723
93.86655
141.07108
132.55591
161.99698
85.62564
91.664856
106.88185
125.17833
160.3412
97.87344
103.67497
118.08168
159.9353
74.22455
54.949448
113.229355
105.08779
81.423096
92.36195
68.3299
74.36337
92.028564
75.160126
97.87144
133.45053
122.94409
121.14796
61.11083
86.83087
94.61539
101.864914
255.28049
222.13184
140.38782
84.5569
76.406685
106.99924
52.11372
284.83447
114.36682
180.28513
205.27316
243.94495
107.058716
64.30406
483.97357
169.54283
305.99832
190.44617
217.62354
220.48679
86.55385
100.905525
117.93594
174.12311
63.570328
52.977936
108.44885
186.7528
159.59819
63.8944
155.8993
82.07646
104.03505
113.939735
100.521515
273.78156
126.476
146.17664
141.57564
211.59409
110.33601
154.38303
74.99293
157.35397
189.35104
130.46605
141.1336
67.94453
103.85221
91.13229
142.7207
219.27983
132.98215
92.45769
72.34265
112.47688
84.42051
99.73328
93.27743
49.307053
57.989914
82.08569
56.149055
65.44107
79.10211
123.66286
90.248215
94.76899
83.80491
70.126434
72.466354
95.386215
63.899643
91.521065
118.86911
65.858986
111.47926
119.56291
57.757595
127.76959
130.84775
108.42398
107.712616
84.41459
100.078476
89.728065
86.09604
114.188995
126.227425
95.51444
75.62584
117.04361
86.80851
89.94535
143.6373
65.056145
118.738754
125.406876
116.13934
120.66857
131.28825
118.65084
182.57053
100.51805
117.829895
94.59483
91.496155
74.6676
93.61194
75.75522
77.02491
141.5769
63.47236
70.72455
51.81679
84.55379
56.18928
106.49429
128.3169
90.94879
84.17078
102.19824
83.70151
249.83221
232.65869
206.47049
451.77612
54.346878
95.99472
347.21155
247.71782
268.8894
73.231224
200.62245
60.38814
101.99838
51.152412
124.47526
99.168655
119.459984
114.78357
203.74103
55.918312
66.39949
106.47362
50.36859
78.03087
61.306953
197.17242
214.80786
178.58466
118.566414
103.47923
331.99094
122.02484
123.9617
56.499233
181.45071
47.76489
109.780365
120.793434
207.81702
251.4588
75.05292
100.93923
64.941795
113.73108
145.79364
95.009544
160.33316
118.48883
131.35512
67.463326
100.75273
208.40604
128.91345
66.36986
86.151535
162.10527
57.808426
131.79181
142.12198
63.32798
171.54198
92.571365
105.56908
110.90489
88.34025
78.34444
156.92679
108.37123
87.95476
94.10974
111.03218
54.99594
83.50933
99.56878
75.55048
135.64552
117.53764
126.47113
89.116455
116.32347
104.18066
107.08922
160.05414
64.08327
131.17365
71.778885
68.00367
88.475296
141.78633
133.49681
165.39377
94.7352
80.669395
62.081547
76.24012
82.64697
136.23083
119.74666
78.704384
162.26683
114.58289
83.149826
93.6328
71.950195
87.89734
117.41539
97.97281
123.532104
115.44331
89.62592
92.162964
89.102615
107.117035
99.2351
93.27288
80.1389
93.04812
80.67561
111.58812
123.42206
240.66907
529.2034
262.37927
322.21533
240.68378
139.62418
114.83403
205.59856
170.72723
77.406235
56.439213
79.83147
61.605915
304.28864
120.70182
84.69103
197.51462
165.98648
112.94264
242.9371
110.33247
69.99141
247.13849
107.93269
52.97327
59.375397
136.2097
72.5434
92.108185
138.52145
145.70203
116.83261
156.32574
191.79587
71.726364
61.596626
89.71228
98.136795
78.68503
67.76312
86.29812
185.2461
159.69211
113.767166
88.86081
83.97903
205.69783
87.54933
53.991104
52.65489
160.94504
106.98372
76.30003
89.4245
61.624954
71.576355
61.880165
111.68231
85.14783
212.3148
137.56137
224.8534
147.77884
76.58569
113.33232
55.617916
85.58358
104.65971
160.57974
116.65425
121.78008
111.51172
134.28539
180.21782
92.624664
58.1076
79.88591
146.33469
93.45976
120.603386
48.532597
144.20189
132.69049
88.70393
95.69232
115.18412
70.23288
85.683876
126.34422
106.817566
57.93265
74.35864
124.53929
132.34396
121.771286
85.33064
97.52469
99.08924
68.613304
90.78841
126.069176
117.9563
121.84422
122.902756
115.08832
104.76471
75.957825
102.55812
107.232124
81.77892
62.950855
67.03117
124.51138
131.14578
77.634186
76.11704
111.39411
114.73593
86.58675
99.737976
139.54202
242.83362
260.78787
163.47531
100.9205
85.78331
97.64674
111.87601
72.368515
57.877106
330.28897
462.58386
99.52644
197.9307
158.67468
338.13928
188.77866
66.63774
213.92603
166.73174
131.95152
97.05994
114.54045
162.34503
203.35986
108.57675
180.4509
221.25183
112.62215
86.38007
51.04323
56.375
246.51874
125.008995
234.4664
118.01915
85.228165
209.3908
206.93169
80.655594
76.36728
93.512985
181.83437
66.25206
54.031265
117.211494
95.34665
106.20763
152.54657
129.40175
118.94722
99.76131
108.067
70.33622
45.904007
97.08399
57.294853
66.224686
59.235664
117.166016
53.00016
184.83838
144.60608
128.96158
104.83742
76.94464
78.256676
66.96691
59.99508
77.98324
98.7906
163.80211
101.04242
77.8363
141.38544
114.892815
71.149475
85.45247
127.503685
69.619545
87.41588
120.39319
102.76782
101.508835
70.72131
71.64012
58.185158
129.00293
85.01218
80.07214
70.53104
87.57959
123.36763
83.60474
158.14786
96.589714
66.56818
94.617615
91.73431
125.997925
126.397865
119.22418
109.99542
119.09901
91.22698
94.14963
150.0262
157.02972
61.585068
121.287224
124.34874
94.74461
92.70789
74.30168
120.902115
90.513664
86.95499
114.687805
101.24153
84.53496
101.13655
64.17484
206.93121
104.60806
53.619938
81.663246
247.95523
308.73706
191.52086
501.84064
121.42883
274.93478
112.82634
105.66238
182.83737
213.88652
74.8741
245.64478
110.37735
146.37042
204.70001
200.74512
114.34125
74.55374
176.6803
113.208725
164.07065
55.945377
45.6164
121.646034
99.67357
72.694824
112.85031
132.7825
125.23506
52.647476
326.26636
123.14215
210.4808
93.34296
80.58182
141.30473
168.25519
65.91236
93.986755
236.08888
51.018883
107.8752
67.64668
151.57817
58.38658
70.5752
151.56587
148.93263
129.71147
113.09652
118.57707
69.23328
108.48772
65.510315
79.81677
88.777084
58.79344
77.985435
66.02183
129.37195
198.00284
65.67804
56.13791
117.14197
108.24441
70.34669
110.1848
88.64714
77.100235
86.502106
57.897697
107.41756
132.54013
133.22836
103.72737
118.60505
158.95135
115.11107
85.22757
113.44139
125.10491
79.99288
88.01316
90.721634
118.68018
157.14955
95.899284
122.51483
94.41365
64.61976
87.81299
187.12695
66.61841
96.72379
88.91615
98.8297
98.276276
128.89822
96.44686
120.6415
164.28886
127.00621
76.43413
66.062096
74.73939
90.08755
84.935
113.53301
124.384476
108.44292
104.908936
77.01593
101.69154
74.33678
80.34787
102.01672
420.38025
221.36856
126.25087
120.34694
104.61734
239.39833
288.82596
223.02574
112.15991
139.8877
113.379166
298.0296
89.112404
84.129654
51.29846
199.80794
221.50961
193.00839
112.08235
331.59784
110.4342
61.168766
169.70569
60.425247
117.49057
122.75612
51.983185
93.69772
84.01953
51.20402
152.40414
46.8929
108.449486
74.18674
68.94879
159.20331
175.30574
248.08725
193.41025
167.13838
61.85221
134.5697
144.08905
75.58721
82.373474
60.88092
186.3534
92.45916
209.22304
69.42741
220.14352
151.55286
87.32059
77.83934
138.22829
80.36803
65.43474
62.373474
139.444
60.73008
204.96396
109.74123
62.660934
66.35423
86.111244
77.7414
122.79053
77.80621
52.83981
85.84152
57.197952
73.68404
104.35561
78.021835
111.434494
95.85782
77.26279
54.714275
111.03238
88.71905
111.14154
88.72312
96.98923
88.36867
112.050674
79.138466
100.22563
91.1723
114.13367
85.234215
126.45906
70.04599
124.12907
105.90239
107.029495
73.84917
142.16464
107.38418
133.55956
92.944084
84.31572
101.31214
110.08865
86.87471
127.626625
114.48851
119.45776
109.80205
82.293976
102.74158
129.80199
64.01285
117.19952
124.28102
116.3487
119.23489
172.90549
133.29004
147.21533
75.5014
119.509636
64.92662
109.14794
157.56317
232.64597
255.60599
216.61977
358.29242
208.31277
102.0259
98.024994
82.71865
80.59281
176.42203
285.80872
89.44629
124.573784
463.13898
97.24449
110.27568
88.0313
93.80983
62.628014
234.41077
103.158615
144.32341
151.89288
72.9018
126.24286
73.86624
78.77945
96.86189
77.488235
64.52251
77.42009
108.66677
130.53404
179.21849
120.57478
115.74604
86.71904
245.5181
216.65176
110.698
79.25244
63.01292
102.00569
98.5616
178.72398
61.151924
198.23834
108.971054
125.40773
75.23898
132.86845
125.66308
211.12845
122.1403
88.76636
72.901375
122.38368
208.65588
149.46466
76.82039
53.376762
65.444855
148.3754
55.000923
108.741875
123.07258
83.420815
47.973713
98.79493
86.45145
156.2963
121.62802
141.35483
151.15628
186.93243
208.12367
111.44012
157.44855
86.60095
62.483566
90.15722
98.206406
103.53142
92.96316
113.77017
89.26503
96.604385
62.237373
122.29396
117.911514
70.49896
70.85147
61.56057
57.537895
123.92445
116.182556
64.16911
82.21743
64.23018
91.921524
52.620724
95.415436
85.0199
55.699043
111.53603
108.301575
127.68057
92.37419
72.64422
75.376274
63.01146
58.682972
89.35013
89.34224
122.16768
117.24678
121.135185
126.83225
352.0594
325.5894
103.15969
51.631794
52.231037
173.48724
94.32471
202.02615
76.39255
88.35987
193.99823
60.53991
141.24548
97.20611
59.107693
167.13068
136.58777
253.12447
218.23116
63.51431
96.07607
222.65288
76.551025
125.52347
201.42224
86.74181
459.4539
141.70291
171.79765
131.32178
62.24757
159.65692
148.42638
90.69944
135.73328
82.87506
248.05801
75.03723
60.156578
127.38538
248.64647
93.41777
104.565575
113.27922
78.87528
53.150536
111.279236
111.685
93.4609
99.1143
151.37375
224.24841
79.43328
87.41932
127.47873
71.5696
112.23399
88.82632
153.55707
108.595825
67.98535
61.190666
71.67428
80.61574
46.447197
47.381573
180.89922
203.2717
119.42418
93.154335
104.417274
110.58374
173.44873
125.09863
109.18426
106.22125
95.27738
75.922226
67.009544
134.89963
75.138985
62.721786
66.47514
111.93403
136.6218
58.844643
81.34039
53.07924
108.74988
85.556244
103.38983
85.59514
55.178314
67.740265
83.57348
79.36644
192.9849
62.672092
88.84216
114.36223
98.92728
64.30855
136.06941
111.72729
162.70135
95.40506
116.268265
116.97943
118.0597
107.094
98.1355
119.83942
89.56375
96.23225
103.30008
125.101204
132.34842
127.409645
109.71896
115.560715
131.29526
98.17271
84.40241
133.98416
266.3255
126.99485
250.22835
192.91805
49.423485
49.16551
184.22345
111.34276
68.42822
403.8757
112.35469
73.151474
220.63748
249.11108
108.31125
79.09838
113.73544
102.70841
157.00064
296.00177
91.22783
71.81979
57.807823
203.40106
53.072235
62.76206
231.71695
206.2875
165.5203
161.87125
174.27669
127.71591
70.108894
102.12133
203.11734
89.16441
94.45798
109.6932
111.09005
98.23214
179.56409
102.83131
67.62552
165.17282
387.12805
160.30017
146.0965
113.97844
111.18533
118.798676
102.229095
75.147766
69.243774
50.304028
109.028015
54.590847
78.55617
109.8409
55.659912
57.593224
50.522495
196.90633
88.54329
122.73442
139.23686
96.247574
121.44189
197.7149
163.9791
71.23775
65.01955
81.49603
66.530685
110.869095
162.55737
105.55
66.02467
68.15781
142.79825
76.41055
88.07785
135.27902
72.5855
80.4137
73.889755
58.675514
88.5756
80.4742
114.7878
120.50307
106.92621
136.59601
129.30374
140.1283
137.96393
90.783264
89.49985
96.61028
97.819046
102.66595
85.58931
95.79941
109.3232
110.428665
80.2104
87.565285
82.33397
123.07005
105.47261
124.69454
61.992702
106.16327
114.10074
79.04073
92.747406
89.020584
125.229294
99.50611
62.889412
67.53868
78.29696
77.96686
249.24454
131.05975
69.46362
250.0006
212.44208
224.12552
51.40232
73.20662
166.23656
156.59708
110.27237
78.737076
104.89767
299.76917
117.86256
334.69318
259.03503
153.26596
114.514725
116.57152
119.534775
51.70858
178.09396
86.433945
133.16476
200.2344
64.06287
58.050068
200.0747
54.381065
75.95381
394.11212
126.57165
81.46358
184.22328
68.217674
94.51386
48.59106
111.31303
111.4396
142.1141
117.59311
91.278824
123.83415
280.14703
188.06895
57.145782
163.8718
202.72916
108.72586
198.67357
158.11314
60.75451
88.48895
57.034912
150.26978
120.43202
116.02071
72.04351
127.78091
62.454494
78.12126
66.85947
75.63264
154.43405
96.02177
114.58067
127.27894
97.8965
80.77533
70.99614
97.53314
69.1446
73.02118
63.08274
192.67749
89.84056
90.22228
149.67729
81.711586
118.658966
114.65001
77.24015
102.11232
81.15013
111.55298
107.37403
61.93032
95.41413
114.219246
89.6101
134.92589
84.647705
54.912563
95.2696
113.24233
156.08939
66.329834
109.69359
116.630745
81.28667
66.65968
104.99289
129.2851
100.19644
112.07753
113.03584
87.51765
124.92595
109.4934
126.02852
95.576004
92.32636
97.09732
110.830666
106.12004
95.43579
