455.67004
353.0438
790.3264
620.18225
160.96194
235.60265
341.8878
98.98067
373.60327
759.9168
879.57605
290.59326
279.08524
217.98601
315.82904
423.46793
371.45294
177.3017
142.14294
186.94241
305.58676
403.9754
161.99994
442.7704
212.93048
185.54276
393.4484
374.80353
591.2531
467.59857
162.90921
301.92883
455.71176
248.0813
112.01314
546.232
354.1825
484.4525
311.9381
267.55273
520.82324
411.27673
203.08118
264.13788
393.40027
515.3675
150.67337
307.03912
399.20422
461.56406
144.09476
332.0782
158.80759
285.90808
178.91563
331.12897
384.21194
313.9989
233.56596
211.50583
121.131966
233.68425
140.59476
157.76526
240.08084
467.1528
200.63182
334.24976
190.45155
278.9228
309.4164
314.0368
336.3692
237.25354
117.48125
264.90118
340.62543
378.15692
195.83142
313.7099
342.36295
292.81854
485.54794
207.24283
248.5939
351.1336
164.37823
270.84888
248.03925
227.77774
225.67703
259.34412
155.93738
173.14943
140.333
235.12772
291.16107
198.35658
196.56587
203.54147
299.4275
122.924774
349.9386
229.3381
168.0895
229.24362
210.95346
269.29596
170.83775
307.60327
253.23465
267.27478
372.20715
232.98044
311.70703
244.84642
296.77942
299.839
257.37698
289.54083
277.344
160.24628
267.8997
419.22003
510.99548
959.3761
608.7656
317.3811
442.08008
304.31064
325.72552
196.81247
712.4253
281.5087
463.5896
97.134445
348.66522
653.2744
238.57219
313.84976
558.14795
148.08981
182.85837
234.58124
455.32245
182.62566
275.76978
124.04611
391.96246
344.40326
483.90375
322.15964
232.7143
186.6423
265.0471
202.17322
297.6591
358.1625
124.5661
334.11
510.01068
429.17514
124.42525
320.5109
360.89453
140.07886
306.65265
178.27266
365.3919
348.29575
128.60225
466.06873
281.9886
150.65625
299.49664
266.47067
110.78279
452.5009
432.14575
142.21594
372.81952
312.153
232.3804
163.00499
562.92053
217.22626
474.9787
232.32283
263.6311
136.7862
215.83897
250.35718
158.52763
192.08453
285.25485
275.369
226.21643
214.21817
288.02005
351.96912
195.88928
285.47723
203.88104
201.32457
294.42743
237.09229
387.51886
183.02617
242.66458
255.10678
191.01382
393.14008
302.85327
298.5202
161.21146
252.43127
185.31796
134.81747
267.7683
239.91473
395.7683
156.51031
229.9271
211.06699
177.65802
265.73492
196.47559
270.47043
276.9242
296.10107
196.33823
238.68301
390.7124
310.8095
310.4838
338.2621
272.38196
327.85565
220.7256
372.44092
332.8573
289.23138
299.754
304.1137
737.27875
173.80702
198.35472
219.21835
426.2138
230.51062
466.10284
187.73451
912.0819
446.45392
434.37842
251.90364
560.7677
438.31952
588.46246
192.70094
159.06201
546.7752
311.30966
495.19962
337.94006
173.29028
369.17426
235.3346
301.5844
153.27194
613.90173
217.2316
310.11584
479.785
445.9461
390.53296
388.01303
258.69595
292.8919
148.13397
140.1279
512.30994
228.4784
141.81029
265.54214
116.02043
110.675835
230.09467
287.95242
267.7768
283.77765
128.60335
98.692795
203.91231
450.58224
112.17616
277.50137
439.2582
273.78687
297.24362
192.44244
403.6104
291.42075
199.30722
133.29837
243.2015
266.42865
338.92993
203.91609
158.28586
206.23453
310.39703
363.17218
151.0863
121.47277
224.31882
356.16306
153.44571
394.4464
192.79681
270.71112
190.12662
215.48642
333.97516
233.79102
174.25299
197.32292
316.6395
341.90186
423.95203
321.71912
137.27509
294.9853
171.1694
208.45657
313.33878
177.9373
156.78592
284.54282
254.34962
236.56653
347.8329
264.33447
372.2702
239.75679
293.44766
360.16562
336.14008
238.4777
215.06546
324.2962
244.84059
235.28033
254.15488
328.81253
349.1017
268.95795
235.60472
363.7688
299.1365
273.67505
302.50494
271.7334
379.54108
697.21204
225.41223
373.46472
560.8518
312.03265
391.22498
455.43274
572.46
500.96387
638.7455
458.98633
399.69763
934.21985
572.66754
195.00983
339.2652
411.7343
131.12062
197.79048
149.98586
427.3684
294.1772
285.0818
202.23868
490.11316
270.9733
155.55167
302.98132
112.45599
200.0505
145.24008
488.05927
433.78632
98.98622
441.65637
369.51318
363.57547
453.31903
162.11584
215.90302
139.54439
179.3843
215.93358
210.8602
170.73154
453.1432
336.71478
300.68384
259.1772
142.67648
224.46353
393.7021
168.64923
310.44135
226.90132
131.919
410.58087
201.64664
361.06213
349.12207
119.889366
195.57962
269.93292
317.4581
145.62653
285.70245
120.28249
334.9892
272.25842
325.11578
186.75789
265.17358
263.68808
303.41928
309.64047
330.86
361.94357
353.6812
267.8226
265.3349
310.0056
300.09897
342.80048
290.968
225.69217
223.33197
196.87292
114.72467
284.33582
220.8519
277.97815
305.0951
232.35196
228.1583
238.44923
296.85345
318.84558
195.39754
195.82422
247.57013
159.33963
288.1877
308.42194
259.1191
172.33835
172.00943
234.5858
126.59558
155.19717
324.98724
302.83557
253.08011
236.00165
236.5105
258.6067
233.81628
189.45245
237.11765
276.69922
251.12888
408.65482
564.8401
216.50226
102.72022
768.83716
310.86346
258.20728
228.81023
297.1321
531.2865
413.73828
158.19934
211.85478
209.58066
874.61194
522.07336
478.5609
622.9187
474.31656
232.98596
134.45602
507.45587
389.20813
396.49896
253.92175
120.11795
296.50037
430.33093
377.99847
465.4335
434.46326
342.37128
123.55745
293.89398
291.79303
433.8307
341.235
221.32
157.76445
431.16028
116.296814
384.71014
208.98729
328.4636
147.86511
354.667
149.10538
193.11053
98.0753
179.71692
260.4052
533.1654
444.29352
267.84848
330.7954
127.17142
298.021
169.04346
273.4013
291.48853
354.79077
308.5516
354.9876
269.7403
308.33252
290.313
187.87585
149.39075
189.99316
169.55168
402.7807
325.67993
355.22876
263.32367
304.1721
259.37488
168.20044
143.77237
128.53656
231.16608
289.77344
329.89777
280.54517
183.13641
133.41376
166.2193
255.39024
191.33826
153.05879
307.87817
244.30806
361.9311
311.63004
224.61746
229.89532
227.7938
164.32532
222.15466
219.4186
298.67725
383.7341
203.14517
191.22949
239.12668
181.20905
239.02094
308.21912
207.20677
208.57878
256.49774
294.4755
258.11597
276.8122
272.77927
282.2221
230.20428
226.36603
333.53204
254.00499
322.97986
285.52725
449.33643
459.21765
201.10635
526.54956
584.6808
333.41776
368.02313
195.87437
421.84506
469.89105
344.0256
142.9039
705.34357
159.72502
181.44745
563.3873
183.04321
871.88904
270.06818
331.07538
404.3781
265.9983
98.881165
233.94318
140.0238
373.48236
404.3587
127.45738
225.88498
336.25873
295.88828
509.62714
267.65485
285.1551
356.07965
180.90445
532.6092
142.6276
525.12756
434.46777
421.62564
383.10242
204.18954
351.75366
389.0505
303.62717
358.91592
249.38394
473.88736
132.98679
403.7397
146.22331
165.53021
251.22202
531.2737
240.37375
283.14844
326.55627
302.2177
181.36624
176.6297
224.03426
115.33121
209.12811
258.63745
194.52353
152.32684
212.51773
206.47772
120.063644
228.37512
173.93866
337.49142
158.8096
305.8053
169.88968
102.42211
309.13977
159.85143
304.60767
272.8692
225.14503
393.39822
275.0773
375.2765
186.95297
142.87491
323.9947
260.5499
128.97539
219.75279
298.9591
268.58173
329.45288
283.59143
223.081
215.32822
189.98155
147.20474
194.91403
241.06921
325.34714
233.38017
312.60022
311.40433
230.8543
268.9678
273.8561
254.82666
226.48225
269.83072
295.81323
224.30092
234.49324
258.25906
297.6123
257.47433
296.9171
301.17874
291.5404
301.4205
472.35608
394.8229
439.43427
850.1467
652.8329
761.1921
262.96057
159.4558
236.73344
550.72986
257.86
552.4094
181.90945
208.10907
189.75684
107.08442
90.98566
423.25824
467.76077
129.08844
287.71497
358.27783
301.86725
203.45108
171.44394
161.45659
195.37265
262.21722
189.60634
144.24423
358.41992
217.01785
303.284
553.8938
423.796
510.14362
126.013885
438.10358
288.14587
150.34122
206.33946
148.17969
276.76886
459.71283
264.55188
120.84596
403.45096
308.5393
255.86569
154.37427
268.68262
358.77853
356.90012
292.00623
186.77597
465.19388
362.965
215.78519
289.6711
323.17462
284.44806
444.28464
168.9188
287.09906
282.12537
230.93848
168.89145
120.50086
225.24605
236.59296
187.85751
310.1784
262.21918
436.76276
168.20636
333.7409
354.2213
296.0456
194.05103
369.119
121.2911
262.40756
220.69388
373.08942
187.59195
381.15198
346.96387
196.04999
406.63812
226.23514
334.98004
231.9463
293.90472
268.6798
261.75568
295.35855
305.74072
237.7474
218.39355
141.62611
219.52417
324.39917
146.07901
328.23312
303.167
261.8194
257.33124
302.20233
302.997
338.32315
201.6376
136.93954
264.7
235.74622
234.96204
145.12314
229.5014
240.21008
224.85114
327.79956
306.1087
526.4717
333.71616
152.70691
235.00073
367.6892
573.4817
564.0769
191.1825
116.8943
236.9901
618.55914
160.94304
348.6521
139.39963
166.49686
159.91322
129.05255
243.7204
526.07117
934.576
330.0189
469.445
422.00366
143.59515
188.27576
353.227
170.38428
93.27519
224.57098
298.3324
266.5716
135.47282
301.59735
691.3551
231.81946
268.9735
465.45203
309.01462
295.96744
191.87834
432.9253
293.06247
245.9703
208.8797
425.65436
270.23398
250.59406
187.95805
345.53748
270.26324
382.763
231.10509
284.16718
284.94946
391.80737
207.47322
284.96298
260.0796
414.29028
309.44006
272.61057
185.28946
199.68167
218.66882
429.18646
196.7563
131.30939
380.86444
484.0037
216.18808
474.02524
361.96368
269.10803
312.06775
196.6827
131.11139
251.1189
214.82333
337.4682
334.7818
373.3853
227.71739
158.25754
230.7969
391.84537
282.85907
146.11494
143.1163
178.82391
305.65747
158.29861
462.77478
218.79008
333.5561
334.10318
374.8565
261.7512
109.7818
114.16783
281.01547
293.38428
318.3966
251.80922
291.4803
398.1314
196.94785
313.765
307.80438
290.61484
144.38521
305.5308
268.92444
262.31323
199.57391
326.2702
232.31853
167.98709
240.17438
219.53235
220.39253
257.97284
153.55885
525.50964
379.56726
342.86017
101.78838
934.58453
481.38623
299.15607
212.22388
503.74353
306.92505
577.0046
303.7597
694.1565
334.13824
582.42596
191.13806
301.98804
287.43106
318.7504
102.80373
256.9381
391.50098
301.41315
116.824875
320.08813
258.9011
450.5498
271.81366
530.8242
416.30377
139.0773
428.57806
252.32767
539.70953
387.10968
204.25903
470.04855
461.43
126.61906
439.4635
387.51416
386.24945
208.99173
297.34302
212.86903
115.122505
417.96027
269.32043
192.09079
367.40356
277.53455
393.71503
192.91336
176.38223
155.81894
307.01367
157.63971
352.8301
261.78546
163.34598
169.57014
141.45383
282.00183
123.07911
188.53381
349.84912
332.10352
239.35345
251.59564
265.09192
163.10345
257.0446
221.72693
341.1621
140.31558
412.02905
224.50174
361.93524
223.19287
187.90625
148.77872
346.30078
289.8679
226.19073
291.47137
297.34232
291.61975
255.5377
207.76355
137.41026
266.65524
264.19308
305.66168
294.325
296.72452
238.10063
152.57108
159.71413
127.67325
183.24754
232.69785
284.81516
292.7745
194.18216
318.14014
221.98329
238.14868
181.52444
229.27722
217.7395
197.38593
171.83534
227.44891
335.84912
319.76752
275.6463
226.2419
233.41594
258.4765
234.86176
334.99774
144.11084
303.48502
187.19075
442.6447
324.35992
566.0324
822.30774
479.27362
497.78925
551.3933
703.4386
225.92885
437.31024
452.79938
404.9643
302.47775
713.5642
169.80652
104.50468
189.25195
300.61615
341.0646
261.32867
116.6689
517.891
189.47603
109.015
329.839
280.6499
381.73834
267.18726
155.20284
274.14188
219.75742
297.46686
301.23438
433.79694
343.69595
279.8482
358.57693
124.17517
157.06696
170.27393
236.94772
408.1771
331.25275
189.24704
339.3155
411.89417
234.21619
256.47565
153.54245
356.75433
297.42358
526.32336
295.11255
129.41174
356.96594
115.19862
184.69324
260.47583
236.26743
358.97467
143.005
194.03046
380.33966
257.23175
170.08633
205.17369
264.36816
122.3136
328.32916
229.3367
190.35712
317.0597
235.84695
280.58264
165.91463
441.7768
298.7304
341.58932
395.32782
260.81445
428.85443
219.60318
191.1156
303.20456
224.28874
378.20844
304.4021
400.7854
299.6479
304.82578
149.8985
140.64624
213.23999
283.77954
233.59787
265.96283
245.39761
289.50726
231.03365
170.81638
283.13626
130.77728
209.92654
206.3357
246.4687
224.8233
228.90543
143.67332
196.78197
209.7498
178.74783
256.86
293.34305
264.76852
284.14075
231.758
210.24054
428.1045
495.88147
186.30264
251.40906
165.73175
515.8815
264.13403
379.1653
116.79233
238.29782
459.82852
708.07733
283.67712
356.24673
136.9266
385.75525
121.5598
127.8062
138.49197
393.2706
430.2669
356.31943
325.76596
339.86673
760.6166
157.01201
93.49807
293.04062
541.0299
206.02141
220.71428
122.568535
772.63055
492.38037
381.1582
354.828
265.97266
255.79167
227.80524
338.18268
423.46912
110.15017
570.80865
443.28992
165.87428
344.6407
322.18808
135.02315
195.55104
266.11542
145.85199
307.19818
260.1625
293.6192
237.24216
281.52844
415.30597
172.42029
179.65758
301.93213
224.32736
216.87537
307.30478
465.48203
230.66602
433.57764
209.88503
297.3553
376.01587
280.89252
278.47223
505.7205
291.36548
156.74382
326.99847
218.39308
256.48282
357.1905
241.3668
332.64893
251.52602
122.58598
302.39935
373.58575
194.73993
357.97427
163.77213
197.06303
277.362
300.04956
287.2216
202.3794
306.59143
215.02356
268.8034
193.52028
261.86023
265.4661
230.69221
145.23465
299.83167
162.305
289.69513
322.04373
195.3916
147.76529
247.53677
319.66467
217.51016
286.46912
223.55023
176.73894
309.2301
277.55002
212.62756
176.69333
229.22038
225.10893
187.93521
222.93944
244.95587
355.98315
348.04218
291.77917
552.50146
641.0622
98.241066
734.13086
580.1474
463.00256
283.2549
327.6767
181.7035
166.78638
427.12012
869.17523
529.9955
332.74963
190.34131
192.64114
106.42142
169.3377
389.6763
162.95508
153.49677
207.57664
417.76138
386.87033
260.58392
136.34872
113.81458
417.37708
268.04822
298.19696
196.97162
437.1367
195.73169
286.8786
460.84024
128.9499
158.58319
358.3553
159.07375
397.31262
510.68668
194.08505
225.8782
299.97815
220.87207
195.71002
254.5783
278.21136
201.30591
254.91809
375.1159
297.29086
172.17325
210.56558
230.63339
306.18338
332.0985
428.34314
172.93425
158.44858
255.82587
510.51498
470.67383
240.79749
138.89178
362.91455
282.3662
115.51974
432.30573
209.88478
149.80304
279.228
296.5364
224.5188
299.80713
299.46448
233.02878
340.08936
257.10287
143.11967
329.34717
204.75317
256.00824
384.3349
129.43857
232.78822
295.9297
224.57054
120.10098
350.6294
266.75867
283.29474
317.08862
215.15854
338.78955
185.41455
264.0051
140.93793
253.5744
267.1987
260.3219
240.54543
256.87677
335.43854
197.21567
378.0511
219.86348
316.31006
320.06305
303.46457
206.7572
225.2313
307.57147
293.14655
294.89636
170.44522
223.31346
245.56258
459.85553
546.74036
424.63605
555.2353
917.4817
191.10886
215.08624
93.91962
460.46753
158.58438
294.2397
293.7356
688.05096
140.37671
191.20056
171.76382
481.68274
605.94995
147.3552
428.53558
149.32523
189.03209
296.70483
223.79497
298.385
548.64514
369.81784
424.8935
267.5441
135.17003
428.26404
229.108
377.71997
107.894875
113.51448
164.68811
191.54663
168.45938
176.40123
445.76453
189.07147
119.71139
124.192856
391.52087
214.74306
149.49205
168.80981
140.90633
293.54926
260.51978
303.54205
408.85046
260.1595
179.91898
244.27216
191.62248
218.9451
469.77316
207.08444
293.26294
322.4635
119.99463
254.61655
279.9059
342.91107
295.38843
137.29022
127.99262
167.34814
150.57893
193.38057
260.62604
232.97668
291.54865
195.28181
348.33926
332.04575
253.37617
277.05563
209.7753
353.91177
382.6981
450.35733
328.58594
238.48837
469.12482
264.03003
366.09772
311.62512
304.71973
257.55972
229.55472
229.95778
357.68027
354.67297
294.1231
258.03912
362.34067
207.47711
266.46536
305.44537
319.23608
298.9881
282.1759
323.38226
224.25948
220.54773
332.21594
301.13596
203.98929
231.52017
346.22437
236.84183
303.74695
265.87012
269.47568
279.0061
226.85962
248.48636
284.0448
219.71878
161.52095
300.9848
688.82794
279.68665
420.45703
130.64224
545.5774
459.35138
108.923996
121.25992
168.20209
327.45276
704.86176
584.80774
269.43546
576.4498
495.0583
259.33896
249.76953
106.844444
148.94968
255.39957
166.93239
439.81915
145.36732
427.02487
489.20377
116.92764
283.23337
194.4086
329.0643
387.06305
754.3775
257.1331
148.66121
300.0074
346.85583
280.08966
326.9181
182.00697
241.43805
260.19263
438.01938
462.85162
447.11407
222.08603
155.9203
265.94092
134.68968
354.6846
334.02185
137.13556
170.84837
193.86447
321.74615
231.66891
192.83682
395.117
296.75613
278.98862
190.03464
349.48108
154.24884
177.14197
317.1205
312.98267
375.11334
421.3302
236.59131
211.05768
202.5618
174.09695
415.0112
355.6069
308.31415
129.63132
224.82507
186.81946
281.0172
208.59651
191.00253
164.2752
202.85217
103.85306
265.04193
300.99908
222.88597
290.16418
266.05176
277.51562
363.23352
323.0901
377.4895
247.84915
143.55904
223.59398
403.97467
301.74475
291.055
222.25809
223.5084
285.6654
228.244
345.15274
241.18513
304.42386
223.86812
266.1046
179.46465
306.43256
262.32755
170.475
367.31677
253.48195
211.4364
343.45624
225.79054
291.24734
293.23718
218.38757
248.11423
512.4994
798.934
98.013374
109.69643
298.88412
194.45477
156.9254
547.9882
417.02194
454.70703
299.72595
640.79047
235.69833
375.82007
255.73758
287.1051
303.5428
450.54413
141.59036
288.0243
318.36816
140.55339
263.10962
194.5525
551.2657
272.4108
304.27475
395.70383
703.0761
193.23102
521.8862
165.39423
114.56282
425.58078
383.45154
288.54492
481.42667
420.30023
425.40826
136.36542
151.40144
456.7144
343.0432
133.22475
189.51529
261.1128
579.1118
285.78943
253.64098
205.59525
269.24725
216.69135
235.09523
355.58325
223.34793
169.56313
225.62756
230.66103
136.12857
298.2822
237.80397
295.6381
247.19641
392.4052
299.1888
220.02812
148.96722
152.72624
259.2314
329.0324
263.27402
429.95187
226.47624
211.25941
120.335175
358.77728
299.84924
192.72324
345.52652
204.57861
325.64636
216.51419
169.3241
257.0539
256.1902
129.49438
182.12521
174.69606
294.49762
336.02875
337.53192
120.43802
325.85944
142.9982
230.7852
365.0926
363.38486
384.59863
281.61157
394.41425
305.86676
292.6635
219.04799
231.69029
237.97975
320.8354
209.59665
260.45026
184.41556
161.95541
311.50867
262.5534
197.66254
226.7726
284.77393
216.5425
317.0066
166.41197
191.00383
274.69086
261.6988
388.93164
690.4861
437.33704
916.6323
259.16873
540.18823
576.2313
113.0308
266.58545
120.06075
237.21472
408.51263
257.66553
124.599594
258.77747
357.24597
294.38913
329.37698
451.74274
422.09555
155.06857
487.35226
259.2608
584.04425
188.82675
279.73184
492.55658
290.794
110.85535
131.88182
450.73163
157.94276
548.3361
238.07185
383.14536
300.0278
212.23619
186.10898
289.1612
424.24725
267.80844
465.21674
172.93396
96.596535
292.32965
223.64374
113.73711
339.85345
280.72235
379.61877
163.08421
240.87907
165.15979
352.55127
297.68887
257.29953
290.88168
194.78806
142.89255
166.1977
249.02579
356.94867
336.9179
430.9748
314.1989
221.30087
328.18042
134.48938
371.21103
175.06839
237.07724
139.87923
207.22185
431.89746
223.45358
207.35233
224.64394
192.39633
270.5713
277.59637
210.07956
256.4938
321.7007
180.08224
144.90717
179.89351
304.01236
279.47726
300.61255
268.34253
278.6679
201.57315
280.0374
152.34474
229.69461
406.88068
251.05219
225.63545
193.52039
345.4452
208.24225
302.92365
361.04663
345.7447
312.3269
352.8328
136.19836
300.55704
327.9642
153.5981
191.10721
232.9615
293.81763
335.85284
217.534
225.6134
305.02512
175.52518
255.97418
225.58893
245.39465
255.79858
209.01523
552.7573
916.9706
443.20334
687.3932
400.18884
264.52893
105.36372
542.4739
374.88116
99.67337
166.00198
450.21875
355.97855
603.1122
417.2659
295.57156
165.59877
259.37665
451.88037
278.5881
546.5547
123.91273
167.09863
250.55199
358.72192
333.21243
248.89088
385.238
446.45886
168.12268
183.75084
501.62476
326.714
217.48517
136.59665
254.769
188.27483
296.3012
224.20384
375.2976
278.7757
245.84149
210.80678
452.97113
288.83505
297.43912
141.78302
438.31165
423.1715
287.60663
432.1168
157.03409
190.98459
186.60645
237.3645
474.77094
310.1136
223.31839
392.79993
189.86877
261.18018
258.48877
163.57147
363.35214
205.03336
174.07086
254.10805
192.61899
113.94283
343.29465
269.33777
139.02542
296.27118
275.424
299.46555
331.2442
200.80655
235.19078
198.69272
143.39658
211.08926
221.10182
128.62189
120.48282
234.8434
117.23946
194.45558
365.51166
156.03987
228.03043
232.39363
324.33044
148.84082
297.84796
280.55768
235.20978
348.9647
206.46179
317.23248
225.83112
230.20981
148.69366
296.18903
334.88937
328.63773
276.9273
148.33035
275.55994
306.49704
303.28583
323.94507
267.93896
217.13115
252.9977
219.22867
223.92235
299.2634
328.25632
278.07147
170.27737
321.62552
353.96454
125.3286
462.24255
320.78363
499.56134
922.6476
187.4965
287.41766
170.34978
444.64258
203.12631
626.3458
229.9803
288.44232
291.66034
551.59686
276.50067
546.74585
229.1337
265.7196
432.25336
421.49036
262.39423
117.43872
258.11694
409.48306
282.24295
141.8011
213.42477
136.01167
249.74527
243.69208
332.95483
355.6859
117.97081
341.6972
588.33704
137.18427
191.89636
432.58734
354.92694
109.31002
346.90387
197.40274
153.63293
170.2499
384.87625
274.48688
343.74484
337.20743
209.12756
300.41293
105.37968
374.42615
194.1412
129.6791
382.28857
521.3771
215.16719
425.97754
298.7505
326.29022
254.77098
452.81784
298.0726
208.05862
293.8413
439.77267
236.0748
303.8537
134.64539
322.01547
605.2292
304.88022
251.99216
199.02226
325.89203
372.9817
196.35077
138.04594
154.57147
276.86295
388.41577
212.62839
249.0213
230.22148
233.56033
116.370705
221.09048
191.14462
235.18654
149.2963
260.02112
300.56873
233.51486
210.61931
176.17903
222.54567
144.6476
161.53627
179.46353
386.63763
207.31436
319.99417
286.69324
266.65625
266.27905
324.9037
229.98167
216.39774
303.76758
286.23483
184.92505
259.28503
271.16342
182.83694
251.57336
299.7385
267.37262
298.14084
554.80664
330.4439
447.7111
583.95154
416.52295
259.429
508.56296
416.05142
432.29514
172.24611
485.71436
154.3628
542.42004
737.8031
439.41544
215.07875
337.98645
291.80878
123.77958
173.94249
164.33081
421.76718
257.38696
432.49637
522.5896
381.09802
659.1046
95.95526
111.36081
304.34738
222.11493
334.78162
206.25906
349.03555
116.65587
468.17218
240.86868
166.90991
332.8225
132.32184
191.12033
351.66483
267.037
373.73743
500.75366
258.299
277.1495
232.74225
296.05026
138.82903
180.12425
287.54703
210.27295
249.0632
111.64528
388.69495
145.18579
266.91333
260.56653
211.81091
148.64261
263.0194
335.01727
379.70834
390.34705
228.59503
250.09225
129.09673
173.306
302.942
295.40753
303.72302
244.92592
351.86853
192.74315
592.3147
261.93768
318.6671
284.26874
129.42863
194.95047
306.07715
147.18237
345.08063
299.9212
229.45932
206.24525
142.57864
217.44778
168.87474
315.2813
312.71387
357.97906
201.6998
320.00952
228.96504
151.87596
237.86346
196.52676
259.80576
190.2948
177.81595
295.16577
185.21631
160.03505
228.56953
229.96155
220.45247
227.32382
289.21582
289.86963
249.65921
279.87756
281.33557
320.22473
299.4481
219.68707
209.3106
281.74152
193.47012
557.14124
162.20679
116.089745
412.34064
579.3047
285.4934
203.08502
193.47015
267.3408
321.00916
482.80078
575.3889
903.1152
352.81042
304.56924
341.6532
455.62518
489.19156
257.09106
680.58026
415.18085
147.96985
420.10944
168.51755
390.5989
427.37207
249.62274
350.87976
277.6408
151.99652
91.535355
178.28696
168.82251
440.55936
533.4365
462.27924
180.87439
454.48172
352.56433
247.35934
114.99019
320.40112
375.62244
108.89757
367.7845
262.2721
221.21217
282.1277
159.14685
124.836136
460.8906
289.5769
284.39886
263.36618
135.88873
121.978424
268.0682
341.0502
335.2711
374.96207
232.32407
380.25848
297.95856
325.3363
227.6678
309.50006
356.90985
259.2008
193.17117
308.9701
211.60593
183.91461
236.24329
287.6656
177.5801
217.43137
293.46472
212.74292
176.67706
235.05963
259.05438
292.4515
223.03564
221.39368
238.19463
192.43762
415.95953
208.4083
155.54428
194.60889
346.90994
269.39334
209.98912
252.42526
221.85426
225.35448
135.1152
305.5807
237.75977
152.16847
301.03174
140.0549
282.98694
132.9165
290.61456
142.612
208.17928
294.22095
335.39935
192.00906
333.48474
300.16043
310.99432
276.13287
292.00284
157.763
196.83319
227.73381
262.64566
219.38551
262.448
664.47546
189.2046
294.2125
474.45007
150.78798
553.5998
446.49817
276.89862
355.68625
341.95288
445.3767
189.48561
320.8075
288.39648
444.88196
135.13367
622.33356
235.48604
337.30893
136.1087
260.35925
253.7307
247.67502
142.12247
405.9499
544.1621
397.65527
457.1012
298.50616
901.90063
148.48907
172.3262
347.64612
383.2852
300.47116
414.40814
269.37906
509.06903
106.88756
169.20572
235.60504
417.16495
309.73148
296.28674
367.97235
124.474396
175.15442
357.42578
305.60797
261.72668
250.99959
180.71126
224.97345
237.47223
190.37207
348.79877
140.89743
262.17206
129.41344
150.16933
290.88574
280.90482
275.5679
256.95453
165.59196
286.13382
333.2943
212.51355
507.5356
223.86687
281.7444
226.98753
370.83368
283.5722
234.36488
335.42004
400.66846
97.73381
299.76556
511.00494
411.75372
278.67432
152.95407
234.32942
156.0374
327.56433
121.65955
127.361984
288.6151
220.92242
179.194
193.85764
262.93762
207.00586
204.51167
172.00359
205.47432
296.97156
332.90817
269.13556
301.5818
245.12685
198.58157
290.41934
187.54675
295.99908
192.96455
252.2677
260.7458
207.5839
318.6538
225.95851
406.54642
208.20802
228.44948
114.187164
325.91922
297.58456
163.98056
238.67622
222.96164
218.77782
144.66495
426.36526
460.35596
309.682
93.02132
461.76752
545.23004
125.03026
379.18512
714.2835
638.5166
544.85077
479.72906
438.69696
429.08447
383.97577
345.27237
850.86444
437.62915
152.0852
259.0636
161.52705
189.14246
320.63702
130.83997
172.19376
260.7952
262.1405
284.9061
348.49393
227.75494
281.1204
154.9915
425.42804
227.12672
111.31028
302.82928
205.9459
379.674
172.20999
263.0259
542.6545
263.9776
383.7947
307.5952
421.1881
360.719
118.08136
148.83932
490.25922
322.12982
288.66132
352.10577
264.35956
169.82825
209.08334
171.85355
141.04721
267.31262
292.62268
198.14847
344.23514
346.04694
206.978
276.74542
212.0725
253.97545
280.80304
209.55298
264.70605
254.53577
184.67593
289.89105
303.24167
311.9662
212.1655
166.80511
192.71066
285.80423
112.43643
290.67828
392.09232
129.72774
162.9375
422.20044
269.21985
224.07779
296.91083
178.3227
389.6562
229.12556
272.76413
336.53375
133.26431
237.87065
372.1565
174.89438
225.07233
233.91272
204.0925
169.00537
291.2406
236.1288
306.5058
300.09424
268.69354
332.5432
191.89728
326.41306
194.96846
312.51132
137.6354
235.07605
227.25952
301.7151
235.97789
229.45038
214.12161
268.26535
247.01988
540.09705
918.85205
439.59058
127.67439
207.42413
335.6455
390.7057
460.98013
104.64134
399.84045
153.47574
348.20795
287.37296
456.45367
296.98785
223.53195
261.077
352.7207
155.1377
506.76495
547.3517
237.81854
329.3545
692.4202
186.11911
608.46106
501.8908
248.26384
222.46289
166.95393
483.9809
238.27437
504.4549
409.0315
202.22888
436.2785
291.36383
162.17677
344.6949
222.40308
433.26862
193.55194
417.1938
121.94735
297.24857
133.13945
444.28723
296.27545
373.0169
302.47632
282.0231
232.04272
256.8187
206.69423
202.55173
209.90106
283.1206
281.40802
144.74496
261.99734
303.8371
322.55225
362.5571
194.87927
374.63837
109.768005
136.75134
162.04724
300.3987
234.19981
382.30283
121.76994
288.25677
190.79546
355.97055
203.34375
277.63666
235.54135
305.99014
364.42926
270.27417
268.7381
260.22794
169.45499
191.26538
141.1807
322.59198
124.31792
177.67851
250.3516
216.30997
301.3139
218.742
214.3782
340.49905
265.3153
342.38507
191.16544
110.96951
329.27014
310.51132
285.27402
232.21036
257.3027
235.0583
222.9406
187.24854
252.76926
148.91885
305.89276
190.12839
282.95874
175.18108
309.71323
306.94446
147.065
296.51654
164.06085
254.216
219.87102
248.49066
349.13123
454.01697
743.8391
301.78558
359.0907
509.8851
563.973
482.04593
546.57886
302.86206
106.46516
426.39105
457.77893
571.74176
393.06433
503.2498
269.90283
155.74997
138.35352
259.80582
860.4818
137.4913
284.67996
142.36734
374.61267
187.97803
249.17525
257.9038
535.09106
374.07324
337.72083
259.33643
277.23
221.7156
272.8636
437.55438
338.09863
221.91443
260.11667
196.65396
119.17992
164.11707
289.3197
441.99707
196.14865
185.30371
155.98056
264.68195
225.70209
169.14613
226.97896
379.18195
411.6526
263.02505
422.41888
214.17244
194.08179
298.60513
170.76845
298.89255
107.74782
298.1091
295.5193
320.65762
307.9631
117.192474
410.9386
184.28214
407.9124
314.33167
289.30484
138.1218
106.45576
193.50397
216.61763
369.1115
224.40398
375.56165
264.9831
258.38504
131.31845
179.06361
167.66534
265.52435
128.01001
237.40242
359.0251
237.4578
274.7055
173.99109
253.67998
225.78708
167.21896
342.00922
196.60764
283.25336
230.28789
285.5525
230.16898
190.33305
297.13272
254.0492
210.71762
290.24197
205.79326
143.37724
336.18494
214.20064
296.76248
228.37016
336.8289
303.90036
151.94125
158.76746
326.06805
325.69595
300.45056
326.39658
206.76395
228.3612
238.79167
150.77676
335.54837
554.26025
912.3522
596.04565
428.46228
120.675186
492.7644
534.6477
168.3165
411.11343
96.574715
489.4035
350.25024
461.4525
148.2001
164.6189
408.2558
268.36084
682.0662
270.68088
123.172874
211.24887
343.62823
188.45255
256.35962
382.43716
372.9205
105.89899
445.76764
279.10834
198.2503
350.38666
377.20337
196.15982
446.84912
299.59497
594.9562
447.523
292.8138
192.30617
205.72354
424.33398
154.97238
297.40082
255.14825
115.44885
220.47067
317.4876
313.3751
350.38034
328.62012
298.22842
292.23636
156.09146
298.55212
118.79071
232.37755
176.57724
236.98766
220.62051
183.19492
306.4571
314.92407
140.8914
190.93912
257.01767
144.5025
305.99036
356.08093
434.19327
385.5997
279.90268
433.80472
385.06024
295.28076
296.7683
227.14616
172.98506
187.19107
136.72644
274.0061
239.52812
250.74324
296.90338
269.57794
282.74597
178.74461
330.89398
126.96876
219.51645
244.28162
202.25713
201.58148
354.05606
183.57513
335.0722
233.92096
143.55855
256.05286
321.653
197.73285
285.1521
280.27097
222.97534
282.1139
198.4192
222.47899
298.14383
252.94754
290.3158
255.85028
265.22235
291.23242
224.55211
150.87415
245.62622
222.32022
217.44626
172.21799
232.47043
162.84724
130.60794
320.7555
416.7079
295.2417
339.64917
289.40106
166.94131
928.4261
659.8568
155.15286
371.53577
138.77066
523.1124
430.48993
618.665
322.94012
352.83618
156.81483
283.80865
448.8549
121.21075
371.68353
300.3794
395.64032
578.39795
234.01462
94.807144
141.50261
233.91385
216.81241
107.215775
331.2602
466.96637
385.3949
185.28758
376.51175
437.42593
131.49709
153.02728
254.47461
222.87834
303.0235
355.09396
196.04944
439.44043
194.37776
204.36572
299.5583
296.36023
531.93054
546.1638
317.70856
301.36896
297.04617
297.25385
192.88559
428.67566
234.45972
502.80273
167.65277
167.67198
289.202
441.5769
266.7306
380.54404
143.71465
264.9121
241.35251
264.66058
330.48633
224.55927
325.17218
282.30356
284.19794
235.17319
282.1231
242.7396
117.99072
114.691605
121.94914
352.71097
187.59564
293.5268
297.91113
152.75891
209.28955
213.47217
173.58008
229.38919
335.6188
253.53127
261.5195
324.53723
179.33493
209.94437
325.96863
203.88776
175.51134
198.29877
176.77937
247.16934
386.18738
293.23553
271.50812
223.73431
219.61536
170.37433
258.97446
274.0327
309.564
220.2064
260.89236
238.96037
336.32797
220.70189
191.49918
406.90723
216.07579
264.80878
260.32886
649.17065
224.75018
547.0315
616.42883
121.88881
95.89766
387.3584
545.4771
432.04297
336.19763
157.565
234.513
920.29297
297.02527
326.27567
133.56647
125.08876
213.61792
378.78546
106.64935
332.61804
119.88876
226.0701
350.1725
244.77644
475.78174
285.078
381.5766
222.2021
318.27332
457.83313
186.05228
438.29645
134.36032
261.37177
143.6723
192.97452
438.42767
530.37976
267.68643
208.53578
232.76395
323.21277
262.5247
147.41522
110.916565
297.61267
233.89926
139.09103
241.5853
214.02626
368.66278
185.03725
259.89334
354.58716
569.7715
293.19556
388.8707
164.47519
229.47284
298.56354
427.62598
264.2483
280.06635
208.45938
189.46075
156.71948
280.67487
131.46994
154.06528
165.8237
300.67923
198.18317
183.95508
139.41661
168.6449
313.97083
332.4482
310.08856
302.52826
422.0153
480.26178
194.06386
403.11432
405.0374
230.44023
234.82256
172.55672
385.9443
270.242
273.00842
228.38269
322.7913
244.9278
263.29053
334.79333
408.61615
409.65778
310.47302
230.6987
167.2562
188.84164
298.20026
253.08926
207.06085
268.59976
187.07031
203.0555
258.4317
175.22493
293.7626
218.94225
352.0288
274.18433
250.07751
305.88452
301.52142
299.24246
280.21152
296.39783
227.20932
422.04187
379.96722
914.59766
201.94386
296.25818
210.84485
446.19843
540.13544
453.87897
376.63904
218.12064
329.85535
288.4453
297.05725
355.90918
295.4079
381.39673
182.69312
282.0633
607.0731
228.04251
280.073
294.17377
204.13196
458.66827
221.06421
397.32776
255.10907
260.01526
155.58698
400.3498
502.48956
334.68408
399.41962
213.08865
209.0729
107.85808
221.91089
326.02417
410.48026
94.63978
152.39719
230.76704
126.80843
453.9834
274.36624
115.22926
610.17957
244.78981
349.7511
120.85684
307.18552
550.5568
357.8689
164.34346
140.30147
186.0907
188.50964
234.7191
640.1334
170.43459
488.9952
366.6054
299.01028
279.66745
346.58887
306.01767
170.63452
262.27557
261.84277
443.78668
373.48035
425.3156
205.14056
220.69714
336.6206
294.9462
190.3595
292.2318
329.24005
233.32208
230.51791
136.17365
299.4812
252.11372
117.145615
280.94855
257.43457
211.89737
289.07715
325.8604
189.99924
317.3722
193.3486
132.16605
275.1861
228.75189
139.48463
150.47945
191.9714
261.8238
258.96387
307.52026
227.75082
255.11293
257.81003
142.1881
136.23077
225.48096
150.28711
328.18292
269.32156
169.84657
333.2731
200.51767
276.2786
241.86879
293.45392
186.42093
162.75189
235.99896
134.969
452.03857
124.54825
435.24643
224.06705
230.52884
549.3386
306.1934
394.36093
376.52808
454.7274
247.42917
499.56754
557.1389
599.8368
386.74536
412.7154
578.118
111.068146
746.65936
141.34775
262.07166
167.58322
838.9525
301.4762
209.61853
273.10718
295.30627
389.8235
133.16167
297.13843
147.0613
289.03918
194.18584
141.92972
246.59077
208.71484
99.59093
358.76953
424.95837
168.12097
220.3796
170.05966
144.26067
456.09503
156.48625
215.14389
234.35907
135.84784
492.04657
327.30304
331.07996
208.5173
108.64036
345.56406
321.8418
175.77264
334.0262
389.00348
272.37747
465.68503
272.6305
212.88582
300.39093
432.14767
207.94981
341.62885
189.07722
301.7988
397.54318
231.72104
257.67493
157.6966
197.72144
354.0943
188.53879
320.11084
294.06738
117.292175
198.20493
146.44792
289.65656
195.91544
222.46408
270.1773
244.68762
256.76974
259.68884
192.20944
187.31499
282.6242
412.07245
304.62387
269.10852
301.4879
230.17624
174.31473
351.1596
330.05594
251.54099
284.81757
350.52676
364.42047
186.25937
234.31564
233.19682
200.82521
161.26105
307.04755
233.95174
123.57381
285.3419
258.8096
215.82391
282.4548
310.3745
259.78354
289.48242
299.97028
250.08388
290.53757
515.7043
637.67303
301.74658
334.01
99.22902
502.7046
472.98267
360.37613
718.4299
890.3179
202.57742
558.20325
217.02106
116.60574
545.52924
152.71883
369.56012
410.23157
215.3683
143.61836
110.49812
194.8482
356.2939
156.92317
298.0194
411.74957
187.38058
402.8126
387.2027
166.00954
202.34067
533.82874
218.70772
393.4796
296.07333
456.16293
450.31476
476.45166
226.48454
285.44336
428.49814
320.98633
341.64957
355.917
436.7765
209.48196
114.44277
257.81726
307.0125
409.7623
375.82504
159.88324
285.82452
236.91571
271.7282
326.58063
300.55597
228.37106
342.56992
147.60641
167.91702
177.74297
303.1059
155.16577
269.6753
448.37695
287.3933
312.23474
203.92331
129.40408
290.40314
220.13379
122.62622
311.59326
141.07962
233.86667
195.1805
182.5145
346.68723
233.22125
263.25067
301.63022
306.0657
192.4747
377.62714
233.27902
286.98566
276.43
254.09544
212.82773
299.64102
138.29053
129.11751
150.36673
366.51163
330.38217
232.92685
172.34207
269.23224
240.66476
159.08784
220.49486
250.23245
253.81714
194.27876
239.439
268.39764
188.11232
300.41415
265.8808
307.47064
268.2921
202.46799
313.09784
257.87772
295.62817
329.5277
224.52896
244.46588
269.8045
260.99796
190.49832
336.54535
358.155
796.94824
166.13123
112.44063
559.959
138.57736
388.3075
260.9522
150.45229
440.63348
592.8753
290.10382
458.2564
521.72864
428.00815
228.1643
300.74512
285.85278
352.54132
450.69324
198.28116
629.4774
316.41718
444.27905
149.84943
313.07758
261.6502
274.8089
297.9858
302.2858
119.46998
284.78787
289.23828
345.86926
214.27722
163.16571
543.0947
451.48932
456.96326
174.44112
493.2904
120.164276
197.01007
391.6197
233.95811
239.07861
310.9884
420.2437
401.39935
226.19025
194.40408
158.1009
340.42154
211.48053
187.67258
815.3749
270.53357
324.50842
229.40787
380.58258
144.18573
474.0503
269.9569
359.99536
202.5654
337.53192
231.0329
274.24936
321.7234
157.20538
222.22226
93.60668
296.42725
268.2932
368.20453
176.3101
205.01062
180.67114
258.50116
265.3233
400.30212
296.8905
350.04578
300.96378
268.5824
249.2576
253.80457
122.11437
262.40814
306.25873
141.0811
229.01544
223.69994
212.81354
157.2909
257.5409
232.66316
181.19998
123.36241
203.401
230.8127
191.68236
330.02917
196.94833
360.48303
294.56042
330.14697
248.8987
166.19476
298.4752
289.20398
200.49103
309.5702
287.3757
224.40521
132.53223
158.74428
253.09618
266.89957
546.01733
362.04916
390.39435
549.3312
302.91187
344.55414
613.1865
432.32153
198.71185
199.64728
470.83655
151.83772
228.13158
306.17877
233.96187
383.92838
105.757675
821.2882
293.74036
807.4823
484.01526
340.2916
498.71906
418.51666
545.7182
219.8865
454.79675
205.8562
424.18036
157.81133
443.62115
431.32306
221.93936
272.93115
288.3429
136.78476
98.356186
346.96136
328.0031
327.83984
489.6629
252.0908
117.43509
256.268
447.093
122.80421
326.3402
215.21457
190.43925
169.50278
227.60724
384.40747
377.7685
265.86346
118.548004
140.1328
357.72504
355.59018
290.7331
360.0854
199.00699
141.71274
170.77917
395.74042
328.6024
346.74817
249.35162
389.11136
282.15216
128.656
266.56085
153.94391
197.7251
226.64949
209.69649
300.39166
157.15692
157.63086
282.04688
294.94263
302.34406
230.90019
223.41487
253.85938
309.3196
165.4815
326.84143
291.03528
311.45828
184.09698
307.43445
237.79666
228.61237
303.7611
260.30612
169.9263
147.24985
205.18024
187.66574
223.4188
295.03806
268.4383
277.99268
188.79805
237.78645
272.2386
302.17786
301.33765
202.0205
277.79926
193.02841
125.234764
220.25809
257.94656
284.96472
141.44199
255.3685
251.45792
274.26773
196.26392
232.41693
647.6866
146.4982
269.54086
222.965
108.99512
189.81221
361.4588
477.6253
220.94955
555.2838
350.95264
459.00507
322.8687
445.72522
519.7643
131.33698
337.4638
251.44809
282.34534
386.1293
438.17676
301.16113
252.70828
256.70435
420.702
173.52567
482.00537
440.7845
156.50775
140.29855
555.376
194.48442
336.5185
164.25772
224.5217
382.82233
418.7854
627.34033
309.13412
351.7258
776.6035
154.88046
291.14246
302.7741
236.80365
368.8795
323.4425
201.42093
193.17143
265.91364
364.6541
107.482376
420.56552
201.52136
447.27048
331.78592
121.74832
284.14154
412.50842
143.35406
190.04607
185.99365
223.61949
394.63986
184.60452
332.055
371.47076
150.32521
218.26984
124.97536
578.3232
163.97588
287.11255
231.52188
351.90833
267.66382
265.88312
110.68677
264.27826
305.70135
262.94214
212.8937
234.3454
115.64447
294.03033
254.87717
176.11101
199.72844
277.62253
231.01282
142.7069
288.53915
203.13826
223.7878
239.11723
127.425705
192.6325
299.17505
176.1767
195.22147
241.79504
262.51923
475.63034
297.3507
310.88495
158.02278
293.94254
310.18695
306.6715
211.7825
268.1621
289.8408
317.74716
267.9509
321.1311
279.18036
231.99338
252.89026
188.37686
234.85205
275.09775
191.85114
655.39954
923.1885
113.9029
140.9898
360.91876
610.5447
357.3663
267.00824
375.4289
200.40715
113.514885
393.84216
512.6283
369.314
551.9387
236.82301
195.54843
295.02582
430.71936
284.48828
220.99619
99.85794
167.52075
300.30887
157.2305
549.5888
294.30078
141.88788
316.44666
438.12805
534.69586
342.20422
258.43048
339.2921
261.70468
128.00809
328.6353
260.7342
457.67334
145.76968
437.94565
295.5429
157.2769
181.56604
415.75433
194.87617
237.23958
170.82852
467.70248
493.05573
211.57022
288.22675
221.93748
269.26746
430.64832
253.37718
162.91684
114.07844
216.60818
397.98108
512.199
197.7816
197.1159
269.02356
117.58812
334.30966
184.71802
286.26794
142.79987
148.34155
403.18207
345.25125
186.00462
290.6344
228.30457
350.27057
267.94977
351.8109
175.8712
128.2973
280.06793
299.41138
337.35376
135.43417
151.55917
407.85342
323.26688
202.08722
303.55203
210.12498
294.61243
178.59229
223.96419
381.03577
226.55519
305.7432
264.6791
363.27747
185.43335
200.46616
251.92241
302.27118
254.56512
250.15323
264.41968
288.29672
216.38821
239.10748
234.94962
247.34735
297.83063
234.83469
242.77692
306.60278
215.39456
293.15057
229.418
319.05072
292.89658
253.23485
488.14343
145.99542
155.61496
646.0774
353.19714
543.35583
391.8894
193.57385
550.8126
506.7075
421.86777
322.13586
107.67572
465.74033
208.12653
353.9355
545.0775
235.39067
236.86452
706.34406
330.1236
303.84186
206.69583
130.57713
183.85818
239.5882
172.10962
361.07684
155.68341
848.5277
339.68616
290.05963
264.70874
289.43924
195.97891
254.44037
254.41725
298.08588
418.2213
103.07022
293.32272
182.2041
266.31955
167.9877
293.11337
201.44028
243.66579
308.88168
264.5597
211.95798
287.4394
428.50928
443.17133
180.93086
300.14246
442.93005
422.4541
224.952
160.10294
226.02917
202.05215
376.64673
379.33722
200.0742
364.7072
232.733
181.59943
210.60461
214.22803
287.8501
274.52905
161.83194
349.87042
221.1307
267.41077
446.64603
439.92896
151.89883
331.14224
188.24756
141.1578
115.85121
292.78726
396.9342
395.7071
340.79208
289.79968
228.13397
301.18585
288.58804
289.2113
275.26657
139.4371
263.90668
228.39209
241.76132
266.02463
367.10468
318.59668
238.46089
133.93822
225.78897
253.07417
109.24546
319.91077
262.80597
222.1217
329.4693
311.12534
288.56238
329.2276
260.95682
349.25507
252.87357
128.69214
181.79225
194.39992
121.79774
151.21777
156.30225
267.8791
177.9919
466.81226
161.06805
295.19556
225.7561
287.18417
292.50363
683.9443
552.8988
110.80564
434.25305
259.4513
457.66653
430.25934
380.91736
560.11804
428.0677
923.30896
270.10327
604.50415
419.77673
171.74323
494.2315
545.1859
377.7433
499.6369
305.52353
144.69153
275.42432
294.57465
356.72092
234.45158
446.89362
234.94818
149.87263
441.5299
291.2665
323.8111
278.9579
266.57098
187.84369
93.504745
356.95126
401.77563
301.62476
115.7064
121.64111
137.5604
140.34819
247.05037
184.52432
289.97516
281.06628
237.2836
128.1171
174.82603
269.79968
156.80588
263.20355
237.37592
343.3316
385.4184
213.86214
229.60785
306.95154
170.05305
325.3714
199.61029
196.07794
331.5534
329.77856
221.19196
256.69623
289.34845
352.05328
155.28406
214.06873
114.427376
262.54688
183.76749
230.6872
272.9633
357.08646
246.51784
436.37656
153.89642
228.83127
198.41586
193.34137
300.72412
300.4909
351.89603
224.10822
216.73434
128.98547
133.80359
255.02954
228.14114
212.24576
168.23157
334.52008
225.97408
206.59729
393.24713
157.56161
262.8841
264.17804
303.6758
314.29315
309.50836
293.3695
337.32477
259.21188
392.21588
294.198
274.31528
338.17224
199.27762
194.29364
240.7878
192.14908
299.47156
303.745
351.64813
320.9345
429.3791
851.5658
184.72523
222.63591
392.2424
290.4564
233.38411
258.90485
429.71542
386.53064
365.29987
342.99188
551.82983
428.3442
517.14026
248.99858
94.94577
444.77423
320.23837
385.3761
232.49152
581.7098
310.21167
260.0278
223.31747
314.36188
491.3612
182.82968
121.82923
133.1637
154.83284
207.31166
335.93564
144.78348
212.84207
126.56131
150.1141
422.00546
266.72943
459.15497
366.79224
382.01233
385.0678
286.76752
174.44225
162.0571
108.63617
218.81479
254.48076
544.5212
161.2551
265.51123
766.06146
199.98737
299.1786
170.49155
359.6328
139.97192
302.43143
511.94135
137.32378
515.09717
463.42993
233.22684
263.06335
219.36937
243.56317
143.44208
199.25844
434.9839
220.40407
191.53275
339.12076
268.55536
188.56546
284.7126
284.84537
116.39903
269.06232
144.54774
282.82
372.56143
349.30078
294.21268
219.65158
295.9629
203.61142
115.61864
291.614
300.58694
238.50192
227.63708
265.896
184.90402
296.34772
183.79648
188.79422
255.93274
284.3133
168.38092
299.9712
199.1069
246.00958
296.2869
329.22125
232.96922
276.85663
217.35112
223.88733
331.10834
143.79337
336.7166
190.31473
299.43216
204.26881
238.5025
272.14514
382.43512
223.3091
269.7512
506.78192
462.5255
429.7497
262.1211
438.70776
184.15942
158.82445
470.4942
549.1636
144.17966
579.11566
384.24976
146.7789
291.02063
647.27856
234.98163
407.8898
124.918045
933.2734
115.22068
504.25162
669.80927
354.7567
306.61523
190.10606
243.74014
300.6786
271.72345
409.33496
292.62592
152.4317
311.87427
348.00375
194.85043
372.92426
554.8259
220.48782
467.41394
421.67728
292.37695
283.14743
444.70844
307.6772
174.11475
196.61691
361.75333
200.69685
151.82156
386.17523
297.02045
230.10956
377.7648
280.55023
154.79376
240.01208
365.96564
260.87
266.9105
232.06165
216.27486
112.5387
288.79855
397.71423
174.02464
250.61572
412.9878
285.28986
259.43564
199.33018
358.27216
268.84595
244.702
295.60675
132.6802
134.13956
148.03244
310.60678
147.087
325.9086
202.33054
137.01237
300.8734
101.14105
329.19702
305.8845
317.6886
412.00592
188.20135
227.51677
125.47812
226.34366
212.84744
216.68869
164.82135
335.2118
149.18121
305.82715
297.83936
207.376
324.78857
189.62628
268.34784
223.25034
322.33582
193.81091
342.23315
179.22052
260.6338
271.3899
256.372
319.34253
258.743
197.56482
261.93488
225.35516
310.42233
240.16351
223.9432
150.77373
417.74902
323.6034
113.97738
385.5714
557.3974
226.40207
259.59128
441.11194
216.48766
199.44339
297.76157
939.48083
470.00693
269.91785
297.82367
158.11595
105.47858
258.8029
702.9897
111.984146
519.3717
215.93991
280.79074
465.0595
315.49152
234.40796
149.26251
619.811
532.0645
444.15448
167.7346
290.81122
181.58466
494.35004
489.14935
304.04718
380.29132
181.54086
201.54327
126.44558
340.5438
389.04047
194.0501
298.9544
410.16202
345.36795
543.9033
142.41707
224.13608
284.01965
430.51584
170.37926
290.74213
325.99396
187.16086
314.88336
269.38483
417.22473
221.4212
362.6049
307.90826
364.34833
444.9944
156.50049
199.06659
299.26685
115.75982
245.01724
156.19055
260.10083
370.24127
262.78378
294.92633
185.3383
286.5501
224.14874
380.677
135.89194
353.48572
224.5368
282.6269
258.11667
207.1951
335.64655
189.0396
387.87482
260.25543
331.55264
264.91095
198.13855
130.58482
231.6194
306.75314
288.59442
223.24637
168.95416
191.9073
170.13786
239.98807
231.47025
270.151
246.34529
135.93985
343.39267
238.89558
149.39711
347.8758
212.96101
276.2471
303.16943
302.2842
227.28911
299.90588
270.2853
223.45352
230.53395
314.21674
267.16965
128.23273
181.51357
106.628235
393.6454
344.45096
224.6644
460.7873
98.14996
152.29779
949.1078
451.8014
161.4414
180.42929
306.04456
544.9785
361.2219
559.8245
293.64288
425.06415
226.56201
378.37854
301.1892
495.45245
474.2945
231.56395
614.5029
467.45227
301.81006
314.51172
195.3007
679.69495
193.87787
486.70886
283.75995
138.3945
135.95055
347.67438
260.4361
456.16614
233.4449
184.5195
420.96646
197.88141
221.9632
405.34912
122.7085
454.18817
110.109436
157.34586
262.42896
268.31787
447.82077
136.08731
199.4849
264.87097
262.64343
195.25574
217.09889
301.08807
353.96005
151.19115
306.54474
428.83524
269.82718
254.02638
122.81356
325.79395
132.92409
330.79678
167.39929
353.35403
534.13403
284.8949
237.65915
244.36351
148.69363
385.6438
289.35114
153.75562
326.9638
237.26309
357.70248
371.55603
241.5509
226.42215
273.40295
301.95697
233.3783
220.22034
156.92516
295.09344
366.77393
284.57623
331.81824
171.77576
214.63083
260.06274
210.34555
203.72418
171.11859
246.272
151.87778
216.07025
207.65392
237.4751
142.60818
292.5197
298.93826
334.88617
304.37427
187.00479
284.56433
252.90268
262.10168
199.52216
288.12057
312.34564
196.08875
217.49841
283.89008
330.3576
270.81464
302.66748
497.5617
174.8679
930.36096
145.59708
303.23828
422.40814
336.90552
494.02338
388.5267
95.194275
121.81407
471.01935
218.2313
542.2334
475.5871
387.59525
226.8626
430.7566
561.1654
369.623
111.27039
594.69446
327.09756
171.40707
160.6036
158.61566
439.24872
298.7454
355.78287
128.86111
302.4002
304.79745
148.46434
702.92535
286.9997
172.5069
192.22182
297.60352
232.84816
176.46156
421.63586
130.15796
575.26697
115.15761
235.79962
212.16313
354.81406
332.9792
344.8925
268.51202
355.70428
383.90924
410.88556
426.10968
162.23758
215.53703
308.42786
262.78217
387.14197
152.40656
461.61847
201.0481
269.84912
235.57788
435.09222
181.40189
141.2028
354.70822
281.774
237.5871
293.4472
325.64014
385.25714
321.35803
290.1803
313.63745
325.83057
289.23346
155.87119
224.5135
222.8584
262.88086
251.52249
297.98138
236.5076
346.74728
308.28705
150.88611
235.03958
225.96329
125.77769
201.14429
279.65588
261.92404
279.9494
139.31747
260.58362
238.79784
195.55872
196.83444
197.72517
182.49338
330.5475
222.91144
196.42328
256.98114
291.33405
263.47095
285.51013
280.05328
225.04724
290.12085
205.11505
192.22351
282.6195
207.94617
288.84412
263.8836
267.82275
233.19162
174.83438
184.8397
325.23737
456.9204
300.6963
586.9592
522.6085
99.035065
943.1271
296.0491
643.09125
474.9834
160.59433
417.18753
324.52527
555.5591
108.31391
274.5205
390.19727
629.14246
356.60715
225.36462
245.30646
136.37393
466.28027
521.0634
188.15579
142.46973
280.92944
141.08344
266.5813
429.98688
301.51654
355.96606
118.84921
209.8566
195.37674
151.4403
381.03088
281.78128
167.92429
145.60254
237.34549
328.7981
427.4013
423.8562
367.31366
308.3938
293.64737
372.94287
439.5655
180.92459
193.49042
201.18105
156.77332
287.46292
176.04822
233.93936
309.80902
234.34927
270.07715
385.57333
342.42725
281.30383
430.3048
291.08038
236.17764
284.78418
187.50952
125.940285
300.4737
237.90103
168.74516
503.83453
252.68518
308.32108
333.91962
433.5196
294.4336
362.40186
265.57303
328.8164
373.77704
300.75665
216.0655
113.653885
162.34653
271.85565
218.63252
167.53589
306.52072
226.28418
304.85602
233.44615
263.0985
220.50531
339.94012
186.61241
244.56671
341.2496
138.90468
321.8905
142.58531
223.72888
241.8898
123.89037
273.35333
193.756
244.88434
297.67603
343.51123
148.0171
263.00238
200.98553
235.11224
206.32968
299.43185
217.92477
265.0987
256.47015
192.87395
220.16882
334.82816
417.33765
229.52124
226.42769
116.84764
308.0055
349.1562
433.34552
735.00616
402.65137
318.48685
543.8568
296.69104
226.55334
560.0376
213.22287
238.159
304.3518
270.9794
179.0289
195.30284
192.64575
95.43179
438.70563
615.797
488.17758
131.05112
113.44353
462.73334
333.5656
297.34396
478.60596
471.13934
263.35718
118.80477
268.02145
192.99106
144.6399
788.8789
270.89978
292.59003
337.20074
132.3046
195.67117
272.77344
646.5497
484.01935
118.73273
428.398
210.31036
184.3133
279.10104
285.17242
253.24414
413.2544
244.09766
292.26767
210.52866
232.61983
291.22217
338.1587
137.87073
269.20923
423.00885
294.80658
133.88638
336.51773
416.5453
155.23004
370.63712
201.94171
366.85403
256.7568
228.11717
213.17566
297.54395
236.17209
160.3489
199.90245
348.5047
148.04742
262.41864
266.531
391.17603
195.8377
151.3306
355.21808
299.85052
319.7237
323.74536
380.80646
384.66827
271.86356
338.438
226.78094
371.38925
245.3161
240.89238
156.56058
331.8357
304.37943
300.02515
174.18892
141.72287
298.39404
289.9898
227.15733
218.61438
276.972
246.50876
292.30573
155.71407
215.0628
267.7701
253.91647
192.33096
238.48346
188.12305
170.00674
211.72939
173.06477
943.6677
98.51994
304.67
417.12268
386.92078
215.08131
322.4098
464.46356
443.38257
174.1502
554.67615
349.42645
694.75464
465.6702
550.798
117.87448
518.03955
424.80188
310.42462
472.6185
618.96375
291.84494
144.70224
150.98126
298.81314
214.18135
185.25822
168.31479
234.43634
400.85193
159.07925
267.63263
335.17972
357.91876
525.7988
338.58804
220.61658
180.24158
299.48468
232.1379
239.72342
437.07983
380.9129
267.46173
361.3991
123.74942
162.787
392.19803
218.86679
332.79816
198.23267
222.43614
307.0583
126.40747
200.95435
259.5571
286.1519
282.60742
506.4494
393.19672
161.33083
265.69476
420.94754
421.67065
314.93597
278.56866
329.3335
113.887
243.3654
266.06396
306.1892
122.60294
194.69063
131.51996
270.04117
302.91595
352.6469
296.91278
354.63605
387.22318
136.04028
193.55693
216.29333
257.69843
237.8009
362.2586
293.62555
297.88428
334.2692
259.61435
216.12598
283.253
229.66283
153.32999
288.24725
298.2837
262.14746
195.83447
323.8917
148.10104
157.07272
313.8116
231.70192
134.28572
163.96368
283.99918
258.36444
266.41608
245.50691
234.47182
179.67595
191.0877
188.07452
248.21455
289.16833
219.58563
259.87247
222.84857
165.08194
212.23474
206.66849
548.2616
382.8631
142.06268
871.873
483.7824
163.0413
534.7235
428.36874
205.38527
140.62471
94.18491
440.31354
337.94513
751.9204
125.98226
201.90253
546.3177
448.04706
288.3954
458.74374
280.8753
520.5972
201.20366
212.2718
340.05832
199.3277
155.64844
283.22058
395.15085
233.7462
216.9192
292.75525
498.12384
348.839
264.0459
183.18042
234.55511
212.01492
260.2501
307.2519
592.38196
273.0224
226.1685
238.5494
299.00946
363.82996
224.43448
419.28174
434.34186
192.36758
543.88763
200.38268
407.69513
283.96838
269.787
185.41324
145.40314
135.39986
298.46136
307.62665
327.79767
228.3169
203.97212
128.44003
394.73816
370.903
301.66943
307.08148
113.91593
172.18376
452.41248
176.13495
389.62692
274.58743
116.54354
234.57018
337.86893
264.12637
315.55457
354.68805
295.1095
382.11752
304.4144
313.34766
201.8758
138.36386
298.62973
264.82172
272.05792
253.1766
227.14648
229.20973
373.91934
351.6644
301.318
214.58493
339.18817
230.13925
301.91122
267.096
241.6676
204.84839
316.3017
175.5073
240.65854
343.30103
282.5782
185.45688
163.92549
158.56119
253.03723
327.42737
175.76614
227.20602
277.3294
263.33386
119.18444
248.3832
300.9084
153.47478
201.09344
294.73236
358.89932
701.77344
334.19153
511.20602
648.891
381.97766
201.38321
202.62744
96.43944
282.79187
348.8343
551.6081
261.79797
551.91644
173.21481
293.81686
151.23499
132.20135
325.69644
337.61206
491.92386
225.72775
910.5783
220.776
109.542786
173.98215
414.31683
192.77939
440.58417
269.51608
524.4691
373.4743
309.20093
149.88165
162.54878
237.67914
452.30466
301.3685
141.47224
154.32661
305.28772
247.04645
289.30676
270.91428
256.97333
485.54822
196.20648
323.4145
230.89127
456.21228
263.87167
403.53687
153.64038
430.0545
413.8254
438.78162
143.87895
291.5158
264.20728
122.06479
177.86989
493.75986
271.26013
218.25562
234.82114
311.1085
119.13997
235.41151
288.29874
136.27255
179.65918
273.63867
196.36238
303.42947
328.45932
209.45663
221.84262
328.52747
196.61801
285.47852
194.23961
361.0851
176.20961
204.76047
296.13324
160.86023
365.95334
398.6851
224.98131
375.40057
300.37598
380.15503
121.044815
376.88458
260.9231
187.58145
127.00543
282.9654
281.05554
257.06854
278.48386
182.51244
310.90247
244.02704
295.4514
313.92242
224.6677
238.92084
210.96332
261.9681
394.9876
236.26346
182.20279
299.6501
359.26303
173.54622
262.512
258.12372
273.72406
228.83058
462.91614
465.82654
170.80191
522.86224
418.57733
301.8802
564.0043
235.07428
366.96957
727.34204
392.73193
345.44934
433.0658
120.24019
96.18097
203.11385
112.41155
413.29102
574.69543
277.63843
147.0666
344.88916
332.505
371.1019
473.60413
133.65715
266.99966
394.80875
215.44312
509.5973
652.79785
391.842
313.75076
297.86447
234.21089
205.27441
298.03824
396.33228
291.7458
161.14111
242.91333
119.60999
881.7834
336.5954
200.30997
437.74927
531.48804
156.80563
159.73517
225.06091
227.72546
301.91144
329.0359
275.51135
289.2849
427.7893
265.1541
147.83168
289.5735
239.46341
198.76208
300.69586
313.43655
326.89005
118.07752
350.1171
439.83847
350.6535
294.74576
311.2384
325.2751
263.89307
176.41867
247.5126
306.84683
242.55121
445.43018
314.27557
390.43695
192.55795
155.12326
242.7152
332.3703
286.86813
185.83879
360.82385
280.18842
212.8474
188.27887
292.8001
350.52924
219.27783
256.82178
270.50018
221.87656
262.77582
280.36945
260.3307
166.50586
260.12885
245.12106
318.46436
150.38962
229.2504
231.07841
274.7916
207.65854
141.17072
282.0486
217.51782
263.0581
137.21858
129.69176
219.55344
171.09402
206.4671
171.65552
221.1019
191.23415
275.41168
201.31595
122.05045
153.47662
419.9057
461.159
110.87457
264.632
792.5894
121.80704
867.0503
275.22836
411.05438
452.69183
290.32275
587.2141
605.80066
133.79845
396.75436
366.02914
241.97823
356.4653
214.11752
199.72565
329.9305
560.6918
96.14383
260.09442
135.7557
166.2863
460.87793
309.48163
148.18283
393.66263
266.32306
266.79996
539.30896
121.19368
202.96
530.5106
262.8806
293.7695
486.985
333.2329
444.94635
439.74792
166.84364
214.57727
278.5191
403.26105
369.63245
247.47334
339.8329
459.37363
431.98703
188.1987
148.29065
339.71793
145.42249
368.81793
197.28482
244.2573
307.75244
304.27478
269.32898
271.45782
381.218
272.86816
308.1889
287.89972
373.27625
243.232
433.35294
196.335
352.1153
241.9049
261.7785
311.0653
152.96243
455.99567
214.74045
173.46011
140.15034
189.1879
153.68741
314.9738
342.67694
143.8855
214.5297
332.98138
195.20508
202.7919
154.80241
233.76428
220.82147
319.03528
328.7812
302.4964
304.41205
175.19925
193.56635
271.04382
230.0575
298.6272
200.43259
192.86058
234.96661
305.95966
183.14987
233.63293
238.58835
286.42813
275.03906
309.02393
305.82587
222.8725
294.115
315.17078
228.05168
224.62431
246.1236
230.49919
267.4541
316.0572
175.23299
502.06525
395.81384
266.07385
939.2346
461.008
315.35156
559.6593
370.67603
99.46412
569.6729
402.02078
486.13626
671.2449
708.96436
154.99174
313.83917
468.3653
414.36554
439.03864
129.18246
496.09326
302.977
280.21832
199.21367
362.6517
168.4952
220.90176
143.27554
506.88034
388.6348
422.6676
581.77216
238.48186
255.63446
307.87732
238.5581
409.77234
298.04584
123.71544
271.1302
331.77356
215.48032
347.60687
299.4323
196.52563
113.04891
377.15363
192.56914
115.553955
148.89313
356.09976
331.65912
304.0478
309.86108
447.47778
172.41502
234.25746
368.99915
305.1223
243.7012
299.49835
307.16174
278.27057
334.77164
275.96802
255.95224
224.1125
242.88203
246.13864
197.71056
206.30751
269.159
297.07684
183.50989
203.44696
342.18683
406.01294
207.2013
356.69864
226.25061
243.71895
126.65111
266.70395
444.4941
322.6662
167.68796
264.2325
320.8706
254.5462
430.76514
142.6438
297.55252
159.01906
289.17218
154.01123
208.61012
369.63574
339.62683
231.17021
166.57716
227.68175
174.8592
184.30815
284.18286
234.47113
197.04105
228.05539
294.22803
279.1377
146.7492
271.70868
262.83316
204.07614
135.48024
154.56837
253.13272
231.93198
301.35034
322.17767
892.59686
351.43274
520.2949
130.02016
134.36417
612.7929
316.05414
528.3958
200.15932
190.46559
366.12213
311.5534
294.07047
355.07916
366.92163
288.0957
307.62012
277.1565
318.5559
142.93103
570.7472
485.71808
434.77017
162.51508
507.9064
319.8277
338.25677
257.2894
220.4878
110.923096
289.55942
575.2914
293.21362
407.1714
313.63995
142.87357
216.41196
456.8861
790.05383
204.6598
269.89294
453.58838
162.27356
97.93262
231.15996
118.393326
234.89175
482.66812
308.1845
161.92572
145.99045
119.18177
244.16733
441.08453
530.2974
200.18607
219.5679
340.9501
317.00476
381.8632
369.73413
424.99667
213.80043
156.56406
246.24063
447.14642
246.2074
297.28613
318.95776
229.45096
433.64044
395.21503
195.29483
228.73032
135.74954
299.70035
186.75943
271.84418
280.07117
274.8871
293.92444
366.9203
148.53828
307.67383
284.86322
179.84248
300.5418
219.48045
381.623
230.74594
299.9481
337.70453
271.9276
401.93756
265.95944
189.17592
217.85074
260.73282
237.0485
197.80298
267.46405
359.89655
275.65268
234.95108
163.57504
255.8249
292.35693
226.82768
179.65277
161.7828
245.0968
391.28436
169.77188
320.17957
173.57234
245.40175
337.95325
290.75293
207.58212
233.45793
350.62
312.98987
757.2904
181.95035
162.3558
372.5972
282.36118
408.40088
350.00766
291.89862
542.05963
109.84486
144.98294
204.11862
596.50616
956.74036
595.27454
405.5318
218.00697
235.66681
478.65738
222.22061
304.4759
449.33618
452.0125
206.69046
257.90564
481.67233
529.79205
495.7105
645.4128
494.87762
166.94484
454.04785
459.27307
536.99585
107.90155
192.08481
314.7878
145.1561
319.0254
180.47191
319.6524
152.2926
247.89795
353.27646
180.08653
401.5785
169.67511
314.60043
352.34094
342.27014
365.99667
277.87097
430.65485
274.00116
212.62733
300.70758
142.67606
228.46262
369.99414
237.35695
430.33124
193.45193
225.2657
200.62737
249.9083
317.9458
149.81268
281.17163
157.49408
325.98492
247.39941
336.92892
280.41156
333.88297
196.65656
322.78674
242.28476
286.253
243.71408
239.97878
322.5213
160.75737
316.95398
449.86752
208.03656
130.6986
216.36197
298.3657
280.3499
393.42453
231.60544
261.66052
127.76123
138.63484
178.46475
123.3746
235.78769
235.99226
220.21097
355.45084
414.2299
253.72041
388.2561
196.02805
310.53223
388.85443
283.0468
244.98297
244.22931
371.1707
305.2743
330.68427
306.72235
304.8589
349.90417
280.11523
274.79755
309.7168
273.9812
264.14612
182.56662
575.8612
213.44223
129.59769
490.94788
338.23566
336.9145
599.0837
331.84793
154.56421
287.60913
279.08777
284.17035
272.208
185.02997
595.40674
446.46082
227.78627
984.01917
150.61572
236.09409
450.37698
316.6366
309.956
519.7868
487.30966
231.4093
225.00961
279.6316
369.37796
165.98166
115.74751
229.28114
265.94516
245.23404
468.40723
373.41602
300.6599
654.16986
493.3723
209.29437
211.17664
319.17886
309.89874
282.99213
734.6929
400.27505
179.53891
413.7805
452.9845
376.50604
323.45996
100.10055
354.24942
247.005
129.2177
420.8405
376.46606
140.97037
324.38477
166.50766
304.04224
399.51837
133.28754
248.57011
354.84747
514.3937
242.61697
406.89584
457.45514
320.16187
233.41376
318.55063
157.28508
216.28474
341.81793
156.91833
327.36432
299.87396
203.246
256.7941
170.4286
156.40048
478.02414
339.8575
274.89893
206.64182
354.39572
407.2306
288.5468
195.36298
286.48016
117.89226
249.00745
145.34802
201.94092
313.67804
190.76343
375.96445
315.56104
146.2779
188.68375
340.08087
293.7932
192.62463
219.42337
304.4489
199.17044
296.4791
274.31793
273.3377
192.71552
249.6745
205.01787
367.87482
241.54968
279.58383
230.27927
249.88574
293.19962
253.37436
97.10437
527.50494
399.45544
567.10895
710.907
371.48828
250.22202
627.72864
458.97888
949.28156
429.1027
354.5775
221.38802
315.55383
123.31674
367.59253
140.56834
224.3652
170.8696
232.84802
446.84937
276.86755
286.79654
199.24704
319.8404
481.68405
467.07224
314.4453
354.61197
198.882
141.72794
300.30396
506.4831
265.16934
454.69574
152.27484
411.8611
158.71864
449.49548
249.66891
191.2803
468.74695
222.7649
471.84103
216.49902
396.24664
119.34463
173.10812
368.27847
314.2907
400.63675
151.9775
610.7771
529.6735
250.95605
411.29208
292.33948
186.22983
247.62918
224.08322
337.17987
170.49599
350.15942
295.21027
242.21075
295.72186
231.71262
434.0359
178.30003
450.0813
308.2907
207.68541
260.6801
246.64935
178.75702
320.70786
157.05103
275.6543
198.73166
163.07172
297.1217
282.17334
185.54335
173.09204
353.6844
311.10938
317.66626
145.07123
264.74316
258.63083
338.55862
234.05162
233.19461
273.12527
245.15054
118.61856
379.72382
134.08444
134.64542
308.5367
316.33472
300.64435
213.12234
225.11234
305.35458
198.00206
325.07986
310.9068
133.44888
203.43102
345.64957
269.63785
311.40356
298.09882
281.61334
213.62778
223.08408
288.44067
268.3327
232.46626
267.22748
612.79114
486.64883
708.1128
99.66571
415.30756
514.6349
199.19363
241.34833
287.515
948.3331
571.43365
449.04117
478.48978
398.1142
343.05328
297.52
452.6895
208.7286
297.7663
621.8225
560.31287
442.2424
149.9939
126.39525
374.2129
279.59753
398.25775
339.96375
278.6136
313.74646
198.81598
218.0545
148.72769
323.58365
314.53394
153.12964
178.30545
489.26477
336.9783
337.38794
280.50397
169.73016
505.95694
223.70987
217.26593
116.64934
266.0603
270.89502
305.9615
298.77582
237.74207
255.24799
314.62115
263.5826
229.24756
296.58084
335.33856
238.2031
231.67444
309.4305
141.71307
212.00237
198.55849
441.51547
177.96765
239.22234
265.3087
374.18927
286.76392
191.63715
161.66266
453.95197
268.70306
447.4209
379.6635
157.02902
399.5551
391.52383
234.39731
277.76184
344.05756
256.2267
253.78394
141.04489
226.96027
275.951
213.4737
109.762665
129.14049
305.86087
207.87051
359.71503
395.62793
240.51971
201.35278
315.27255
179.78925
120.92697
380.8675
138.18712
179.32819
358.91345
310.89966
146.92694
333.84387
309.2184
323.8388
194.39621
234.38373
272.9004
367.5118
310.15527
248.39738
222.81879
164.53064
313.94354
177.98169
195.00766
235.63092
288.9512
265.9485
197.48912
481.82837
605.80927
273.6738
116.77878
200.41273
184.62263
305.69174
154.53395
706.85205
147.18675
843.5569
304.44763
345.88168
564.8126
167.19055
578.64655
326.6456
304.38943
343.69547
450.9364
122.32078
477.87332
430.72418
399.90652
106.71794
251.82146
369.75427
129.16458
260.43237
184.18124
460.91913
381.13483
171.99161
517.41003
361.5994
225.86807
220.10309
451.1647
288.58307
193.78053
740.6801
126.91022
315.01654
455.91156
286.3808
524.9936
338.1126
490.87164
221.17395
372.38843
148.33545
404.2173
208.28587
354.16296
399.62567
160.49017
145.07623
474.60864
388.9098
261.69843
296.14587
239.67804
155.7836
309.60486
133.3778
137.11105
250.76173
314.17896
230.80066
331.1558
295.09155
284.7785
178.50311
270.79858
242.89313
312.96155
306.7629
405.86526
290.2478
219.55579
237.5046
201.93677
229.45583
387.2745
154.29617
352.08838
242.5209
150.82832
158.89525
203.81937
277.88104
314.82587
237.6367
413.63852
339.03073
380.05713
338.68542
342.0149
273.02826
199.59822
193.59404
314.96378
310.55707
288.3566
236.3839
187.61835
327.357
216.92181
232.16818
286.11026
208.48193
243.74461
281.75
263.1789
282.83133
319.69403
243.89252
273.39124
241.59776
299.23413
246.10928
706.38495
452.83875
434.8034
317.66156
480.78223
584.72314
583.0216
300.4646
458.5602
521.5587
233.67874
564.83044
415.08963
503.33228
308.51712
954.09607
560.0725
237.29434
184.17157
567.9835
129.23401
251.92166
509.05255
180.38275
167.5949
522.4844
115.33981
406.573
314.07452
382.00763
204.43097
326.8943
159.63309
319.67267
380.5689
305.24152
124.25389
395.17307
279.15686
132.17426
223.51294
136.64424
308.45728
343.91656
298.69714
143.02249
439.08505
270.82233
437.89783
338.6432
199.83095
211.56032
161.72371
308.0224
283.36572
151.55153
274.68195
147.69147
312.86066
342.6853
179.31754
192.61832
244.01541
376.67358
379.33026
274.83228
358.7909
221.71428
179.51662
225.66208
442.30588
241.43462
140.53397
384.22018
267.54773
281.6129
118.1918
177.61974
337.89203
192.0812
296.35342
407.19196
196.83322
293.62793
218.72672
219.23013
350.09717
257.486
234.57344
239.73892
301.48563
163.74313
186.23804
274.78253
353.87393
308.60373
369.93988
362.82535
212.8454
244.19183
354.59167
287.20776
243.90411
319.41437
252.13046
290.04538
236.94487
298.09308
348.0395
330.65137
278.43552
108.660385
265.52704
266.82654
304.1966
244.59302
209.63757
145.81238
257.6813
220.76898
784.77563
106.64103
495.53748
520.81433
303.85052
785.2806
283.3119
153.40015
200.28201
187.70016
612.5615
415.61987
600.7867
431.52942
395.336
459.76385
241.72852
604.725
380.22757
567.70593
492.6291
322.21323
616.10077
510.2406
299.13376
208.33191
231.83131
479.636
394.34125
141.87158
437.9634
796.81995
230.22577
199.72815
361.13412
289.81186
174.43634
317.68445
151.07944
436.61273
117.528915
344.77872
334.62054
392.14133
213.65018
163.36404
266.69476
271.49265
389.29636
496.70795
342.37653
240.09799
475.51093
345.09277
360.31366
209.1944
341.87164
125.85588
180.73625
279.863
253.55682
275.3498
246.8942
292.67462
363.86975
347.1629
411.5973
329.87897
302.7909
257.69623
235.49881
229.89081
207.95749
149.48003
127.27437
341.727
321.63187
392.4118
305.3969
466.6199
255.20079
252.16403
429.3844
245.01482
398.95166
171.8882
277.99512
257.41895
227.62643
243.35184
321.0574
282.31027
327.80194
286.09723
133.42682
322.4643
369.7749
190.48096
134.83252
333.90973
166.45392
185.70166
350.31104
383.46344
281.85144
283.08417
189.65572
311.27338
304.94275
235.13336
150.85625
242.16412
300.43448
204.84636
156.03427
259.84775
349.62653
211.97188
285.82104
178.3888
248.97525
801.35425
792.2202
614.6639
792.92725
125.697464
230.67749
502.4585
149.22627
129.91504
456.31305
100.72149
435.06726
185.61734
230.2179
288.81982
143.82458
464.5506
587.3208
306.8185
472.54413
240.47084
157.62852
167.55707
236.74608
464.92798
394.80954
231.58168
169.6836
384.05994
427.90063
119.44578
379.19635
311.6419
265.71313
228.6827
128.85661
517.0082
238.33936
661.46484
188.51407
502.02737
476.73776
175.63422
534.84845
321.27417
446.35046
294.17313
157.65009
252.8585
350.94452
269.24304
179.12729
284.86633
323.1706
245.91568
303.30347
420.36832
370.6023
311.0953
232.78423
195.96286
277.10797
323.3685
411.81995
206.90419
206.19247
512.28015
299.4143
396.047
160.21085
285.2244
277.5071
217.73982
199.6941
131.37332
212.4544
170.48424
210.03369
277.13663
311.33334
199.36044
322.30585
252.00424
360.4273
353.29468
290.39236
310.5846
321.75638
152.4615
318.19678
348.7019
330.4669
265.02222
238.81021
213.72656
308.86676
381.19434
200.49045
139.42601
153.82024
279.84286
376.1099
335.03497
326.68988
365.853
222.2897
283.70972
332.39722
312.70905
401.34354
256.69244
183.95473
247.23901
246.75781
282.1762
309.046
240.818
225.23405
293.2564
250.58722
338.02197
468.16666
671.00165
277.13055
340.62427
495.83694
318.62714
447.1273
579.33276
343.41205
202.5889
569.9397
357.70804
390.06885
298.91214
474.3107
281.6264
354.01263
157.04506
189.3189
989.77313
412.63623
240.04912
154.0045
586.6846
364.35083
405.0046
110.54927
277.29095
305.14447
619.6359
374.6225
106.23882
310.01935
287.7603
634.52264
416.72662
180.59439
563.9415
239.02885
181.06451
247.72363
487.79633
404.61285
313.89648
200.91125
267.02454
368.9683
127.44299
296.68604
441.13324
321.7055
122.62178
161.23611
436.83374
484.22968
326.41513
295.08582
352.6352
297.84692
275.3911
179.55515
346.00375
319.35046
228.96399
277.96808
247.92538
314.0998
228.85303
217.4995
327.43167
265.2921
408.9585
352.28412
314.30426
193.33794
167.93243
240.2109
272.01767
187.79477
308.70792
146.77711
289.23676
132.24463
420.56268
159.79123
251.83005
288.38965
254.03804
233.17587
177.29857
359.79004
319.61127
272.114
444.5527
320.3686
139.92471
251.305
203.16888
317.95657
118.44057
152.15323
171.92795
268.73114
267.13092
243.49278
250.35829
271.96484
299.6955
141.57245
377.91846
205.98164
229.91039
184.62773
220.82819
283.6488
210.9632
204.72864
317.55917
229.51804
220.7101
206.23251
100.22833
322.70715
673.7388
335.98532
225.45047
207.16718
288.70935
592.3598
976.62555
301.22723
223.11609
687.9574
534.7852
382.76117
423.9334
490.72266
323.28778
266.24332
466.6673
239.3852
557.0657
157.6395
258.81894
249.13698
345.6466
368.98016
184.13081
355.33667
125.23123
409.31366
243.25464
575.0502
385.60437
130.09409
324.28604
153.13115
205.47475
251.14998
283.38568
624.64526
122.99254
452.41934
173.6871
141.51512
325.7821
406.89066
323.04922
151.60974
238.90329
312.76978
196.7288
401.79547
202.76144
353.1447
122.410904
406.97238
156.99542
312.8713
447.25757
221.79333
493.39325
471.59973
218.87988
478.64258
282.053
312.98917
180.87195
308.55197
287.05835
238.86577
326.87402
170.03444
318.36325
245.76703
266.3631
327.12292
509.64624
203.67712
327.6786
411.90436
215.15456
473.13867
169.2154
335.42484
290.1978
283.4992
372.28406
197.45688
256.1669
293.32013
247.54366
354.0257
363.50516
386.66794
232.9137
244.83658
309.73328
320.59058
413.255
265.2381
279.62683
324.69327
406.59128
172.04596
128.09248
317.82745
288.7249
210.49179
252.16098
150.65677
184.81073
238.56483
190.01208
259.27545
355.41162
303.25018
305.79346
145.19028
232.63324
231.4512
260.91534
602.5615
490.2101
381.1147
221.30054
217.08008
326.87018
115.36343
699.36304
312.4641
465.46204
495.92218
577.73846
286.01547
180.2247
1015.7407
411.72504
695.83936
484.625
509.9139
564.2823
225.1424
299.71436
358.48114
468.7757
162.26819
143.12158
325.64157
486.1875
440.41168
161.55505
429.46576
233.0182
296.3674
339.01807
302.4436
704.2856
346.91095
421.22247
407.38965
561.805
347.4806
446.3345
226.99509
465.62286
526.88196
423.78668
426.5567
188.25064
319.3661
287.8739
437.4967
592.4098
394.20514
298.02396
218.01978
358.95367
247.64008
338.6941
292.00464
112.82396
155.2693
238.05438
135.20764
196.55048
256.44495
404.31628
272.52045
302.99655
249.27702
201.12552
220.07033
282.9688
174.40077
282.0398
366.1717
180.84512
363.99628
346.03445
133.78021
379.19476
389.79938
302.31458
321.31955
244.18576
302.86646
258.54248
264.13693
365.9585
373.32556
285.24615
223.97336
378.20117
283.7218
274.6355
429.82153
174.85277
345.01132
345.12646
332.7982
355.88953
410.2553
327.08173
516.70337
290.27185
363.69913
276.7558
271.08163
202.96498
294.76144
219.39142
215.92703
413.51462
164.41708
194.64922
144.2518
249.45917
144.4456
324.19208
358.85706
263.52063
261.35474
361.4371
287.9341
707.9714
591.1486
530.4843
1051.9036
146.05316
290.5804
855.9568
616.94885
720.58936
194.40291
541.056
165.65765
356.9083
166.66267
425.21085
333.14203
408.19205
383.48798
552.65546
133.69342
212.94131
353.03748
127.2085
286.64667
212.14297
553.85504
590.40204
498.39233
360.91046
378.01428
822.653
383.22583
383.787
157.22693
528.32886
123.634094
380.46844
357.40564
568.9775
672.219
256.8739
310.89673
197.27917
350.61386
458.031
291.79437
468.73346
375.9936
424.49152
176.1842
320.14334
579.3212
417.36603
191.28807
287.48047
477.47015
145.82574
432.3563
433.209
172.41545
496.80408
280.64246
323.6037
375.61414
255.03177
236.96219
467.78613
328.35562
277.9262
289.41876
361.20218
156.80356
271.35226
329.2276
224.9985
401.56323
352.39178
399.8181
276.76797
365.6391
307.78204
333.9045
445.6282
182.44519
408.87994
228.3949
179.47449
262.89203
440.8558
422.6767
476.30124
270.4709
228.85623
182.07733
224.46152
268.65845
427.47906
369.52505
240.31636
491.61426
336.38736
241.38055
298.75195
216.31267
257.5242
381.5607
315.36102
392.5009
356.65298
244.11058
275.61407
264.42212
330.87354
310.25543
259.18555
231.96356
251.46259
221.07039
322.81488
396.02393
697.5875
1135.3535
628.58734
798.9211
626.3855
449.70557
375.6891
547.9978
520.5776
268.81906
164.39127
255.49615
202.98914
847.9725
370.58856
286.30695
552.74915
509.8222
384.88922
663.9912
363.70563
225.03642
697.5167
343.66733
145.21317
197.08423
446.23022
226.55304
324.15735
461.0451
447.81354
359.00952
492.84232
551.4187
218.19926
178.28064
292.7333
325.64062
266.99323
193.1768
308.0876
537.7986
479.0041
383.28174
285.64764
300.2957
595.12744
285.08026
146.64203
157.88269
494.92447
333.65988
250.72023
296.75842
164.50845
227.24617
176.07315
391.55106
285.9383
565.4897
431.74002
628.1392
418.02866
211.5005
383.74957
126.84681
266.6011
375.98712
482.54193
355.73407
353.37567
348.31454
434.1725
505.25186
272.6557
146.91461
237.65717
453.942
257.40375
363.17828
115.30435
442.40875
420.34003
274.20166
303.0094
380.46814
193.05673
254.28986
407.65512
329.35217
155.13945
231.42165
402.59048
412.77798
384.79727
248.11154
292.94037
329.16714
182.2774
275.02264
409.9508
387.62958
347.35727
366.36298
332.47223
333.43805
210.11447
304.16064
318.97687
236.35135
168.09488
198.09618
379.24936
383.3751
234.347
228.9368
339.6029
334.14264
288.0971
312.78036
442.87042
693.52747
707.6283
456.87753
329.6695
258.30225
327.56458
380.80627
217.50879
160.36774
848.77765
1070.9216
305.34595
544.3711
452.14777
845.0928
539.4258
200.00876
572.81256
502.0697
430.34225
327.20273
411.23944
475.24216
546.73315
394.11176
525.7236
602.5564
389.64227
287.8051
142.42361
163.14282
694.59485
417.50055
634.69275
349.77966
256.35132
601.8116
579.75134
243.15933
250.27553
332.8783
545.4491
185.7315
147.49753
388.21094
327.10742
357.96414
484.63916
436.03735
372.0619
318.42114
350.9729
220.23549
111.60701
327.9911
168.94498
221.09436
174.23561
379.37173
129.41096
525.3999
422.8203
367.15784
329.8314
225.78526
239.28957
199.21
179.4242
237.85051
325.05963
500.81433
295.68402
216.03487
458.2464
378.3036
207.45898
267.47305
410.39923
199.4816
278.1915
354.14087
328.4852
310.51282
219.54343
206.45256
144.8801
414.58466
251.80261
243.8837
219.0279
270.46576
402.12253
256.37628
466.638
307.86304
194.98938
294.71472
276.68335
392.23795
383.96436
346.5832
351.15427
338.3487
271.6222
274.40656
451.73914
448.00906
155.10498
373.614
354.25943
268.98477
285.32288
201.53421
345.80667
288.50244
272.47992
372.50653
311.88474
281.51678
323.70322
190.67628
600.9533
329.37158
152.52203
278.08026
693.55743
731.98535
495.16376
1124.2434
342.3261
731.6509
342.8709
348.74542
527.2721
596.4895
290.82193
677.65326
352.7099
452.7485
545.5244
554.61584
373.67044
244.6077
528.969
392.91473
494.40326
140.38005
114.76886
410.81146
330.98093
228.14539
357.55768
442.6242
406.8626
137.64612
865.5447
388.22424
616.78784
296.53024
281.70544
457.90436
531.4127
186.6689
339.64557
626.9889
146.75063
357.76675
207.61679
483.18176
166.61581
223.18134
478.06168
466.7721
416.81833
391.97522
391.67706
214.10068
338.99628
205.92677
247.59714
296.5327
172.06082
246.31172
215.32104
444.55573
566.3021
169.36368
153.34842
362.6977
362.23663
195.8815
349.02744
282.73004
228.01263
275.40588
167.59494
389.09534
429.05017
434.86835
327.61176
383.4062
474.47675
388.4028
267.3764
380.78192
422.35376
266.2054
281.57178
292.8474
427.7232
456.84128
268.763
381.50903
281.38397
181.52548
269.25302
531.2926
186.88968
307.6895
291.72705
325.6227
292.1255
405.10333
301.7672
357.83707
479.14313
396.32892
239.67886
192.31963
227.8799
303.1086
248.76859
389.89697
370.2416
322.72156
343.33057
238.10315
310.61823
240.96904
263.08835
316.7978
1086.0325
562.3192
429.68616
401.24228
342.53668
680.9308
781.85974
611.7601
385.14896
446.76096
390.86206
796.609
293.60376
280.97473
123.52974
563.31287
623.8042
548.6346
362.7698
811.4651
331.80392
168.39526
514.2616
165.63129
409.8894
426.33005
164.26663
324.73636
295.0227
148.47787
492.5797
126.90631
379.47076
247.70193
215.76465
496.90262
522.6877
705.22314
544.12506
491.81366
185.07098
426.61652
454.80386
232.32722
285.68707
178.83185
541.1512
282.68958
569.16034
198.84427
624.388
474.414
278.38257
270.58328
451.3894
297.6814
192.31598
233.49806
453.25934
168.43964
548.0262
386.3028
201.53336
210.49077
264.95343
243.4149
384.38226
244.41354
142.2713
288.6164
148.18628
231.30374
337.74866
238.27107
384.12738
302.44812
238.96008
153.69504
335.41058
307.40637
356.59375
289.66785
312.25427
265.7251
337.0904
264.91833
331.37024
288.9927
360.68625
246.04758
406.90613
209.83986
348.26135
315.26068
298.74594
214.38272
439.27203
334.173
429.6455
272.3196
232.86594
295.06757
352.5213
271.37408
356.3857
372.23944
364.10095
325.69952
219.78946
321.40976
415.7924
181.73077
340.34357
391.50397
381.8577
380.82147
475.97086
376.2389
429.02255
210.00284
351.43805
212.76382
369.542
474.45123
615.88495
703.6934
598.39014
889.0092
552.5044
383.52484
322.35522
282.6379
284.50272
530.26605
799.6073
310.30457
428.95477
1106.4507
303.64972
345.39407
285.8286
321.01526
183.0043
701.16705
340.33493
449.0788
496.33685
230.17232
415.39447
267.15125
251.48743
357.5323
280.93298
195.53958
267.25183
412.9701
449.2469
542.0174
392.72046
416.51886
282.61975
696.958
579.99097
393.40015
245.53847
184.81078
342.08875
378.85284
520.8032
175.54808
548.30005
334.9623
430.4414
238.8479
438.9936
405.1041
584.16455
399.03058
307.33847
239.41968
435.01538
571.44147
458.98123
234.20987
123.02394
203.27505
446.9584
145.47377
356.49307
396.25226
261.5655
124.79239
331.6687
288.25162
479.79028
381.60648
438.48016
450.81653
515.8346
581.6189
337.01727
465.27368
267.26752
165.84926
259.6073
313.6223
333.47382
289.04037
368.70917
303.6502
328.5368
176.70543
377.07996
377.5378
231.67822
205.32944
177.58746
150.5037
369.74377
346.6147
197.54953
238.77344
163.87698
286.2499
148.5264
281.34213
290.56635
138.29286
318.78284
332.27954
358.24658
273.26666
213.02469
227.57173
185.61546
168.15271
264.84912
262.80817
352.3906
350.29526
360.27377
388.33948
887.36664
818.3399
299.55975
154.2027
137.03717
490.43146
279.3019
539.2423
221.89098
291.02338
564.06226
183.37325
444.70795
330.70993
206.79576
515.7435
441.1537
674.5862
558.76935
181.73264
322.4325
601.95935
244.14705
413.16675
574.9148
258.75635
1071.8596
419.2194
509.78992
435.07825
164.47244
493.14728
446.61304
283.6808
444.39325
263.63123
690.45166
229.88168
168.74258
426.87805
699.27905
299.52136
356.66626
361.92087
243.50119
162.50174
382.67847
383.72522
337.6761
321.59763
471.3644
644.46606
267.05548
296.22836
420.02325
212.95345
361.6259
271.24866
479.83368
378.04483
229.87544
175.37239
233.83875
284.02042
116.028175
126.356445
526.6658
552.80493
397.77533
297.21027
321.16083
366.88882
505.5826
387.20038
345.86395
327.59534
313.5987
231.49147
191.11432
441.36407
241.38867
201.30469
201.33136
373.02234
417.02698
180.57635
243.40968
142.67766
355.88132
243.73514
325.35388
284.90073
152.24065
221.5984
265.05176
269.7694
535.2905
172.12616
275.51984
352.06665
310.29984
192.48987
407.83966
368.36902
475.42316
285.09125
337.85468
349.10284
381.88773
326.5044
276.6377
375.61047
261.70615
308.93903
323.15967
382.4098
420.92975
375.4596
329.8918
345.58185
398.63107
360.37485
299.8584
442.37628
751.1066
388.5538
654.7695
545.9039
119.86548
127.650116
550.8982
359.0918
222.47195
1026.3478
367.50073
242.96861
650.13257
725.6406
343.13992
294.02972
368.64938
381.6455
480.94632
788.7303
302.97748
222.07185
172.09833
588.70807
149.45268
170.70294
644.25366
558.4817
490.02374
484.27966
536.0785
429.8058
225.69681
384.99673
595.9363
287.67636
323.97693
387.40924
392.23535
334.30875
532.0585
337.40033
214.49442
527.7543
933.7003
468.43198
464.23108
389.65454
364.0268
420.71576
335.22086
228.18015
239.01263
143.03241
359.37585
153.49219
254.14793
382.95117
158.893
181.43146
153.0473
554.5121
287.76343
418.8884
457.88763
297.54315
386.88354
568.16516
493.4782
218.33421
179.05255
248.32126
187.95686
355.18884
493.12512
344.75992
197.00397
195.2423
456.23056
233.63934
285.33374
427.81342
238.02917
276.42886
234.03204
174.61023
276.07846
249.95422
377.80902
395.101
348.53094
446.67035
409.54608
436.12457
428.36566
291.58868
292.86032
321.33365
299.49615
324.83734
268.98163
320.20206
339.55737
339.34122
265.6399
264.42252
253.50708
409.25867
324.9534
431.8167
200.53398
343.3506
361.95685
215.528
279.21127
294.8352
386.67038
295.0374
175.2906
215.49481
293.93225
298.38412
697.0355
438.68216
211.02763
725.5631
571.44617
636.7247
118.593445
267.85605
503.71487
487.0568
390.35107
246.73184
394.19183
803.3063
396.39044
897.442
708.3161
458.84763
375.05457
392.24176
409.6153
130.7326
546.4427
314.33246
421.76868
568.41876
215.76196
182.3934
617.742
147.89606
262.179
1022.148
377.65237
257.4569
545.8088
196.35352
339.90558
144.81921
359.87885
398.2627
452.25424
430.90927
272.40125
436.3295
693.3851
535.3247
164.1287
488.2234
570.65454
343.6532
581.2873
486.33813
170.6608
312.318
175.7283
481.87015
380.55878
382.33673
228.81152
452.5962
195.41806
252.28413
215.65048
247.72696
494.55206
304.35034
383.63147
428.44788
346.33817
250.1221
228.06403
331.1972
215.72427
237.71567
193.67279
556.32837
285.29456
286.6112
454.38745
275.3468
388.6225
388.70007
242.97186
323.4954
262.01886
349.7998
381.95966
167.0329
304.08487
369.11896
279.91626
433.89203
266.53522
145.40323
321.3094
350.33582
469.77017
167.22902
332.5581
376.26425
228.8852
189.89844
339.3272
400.27374
307.9534
325.66806
352.90137
286.8324
400.91083
341.08533
400.95953
289.476
271.46576
293.14832
338.20236
333.53482
286.3014
