686.6902
613.91003
1377.2737
935.05316
236.45859
357.39267
510.78723
145.30643
558.08563
1106.4907
1321.1348
484.9971
420.0539
331.30136
468.74664
647.816
563.3494
259.3485
205.38544
278.5982
454.6449
598.2952
238.8789
656.2749
333.38196
280.1637
597.28674
576.584
894.0707
760.19995
245.5632
457.27142
676.45374
374.824
166.14685
816.72003
536.3985
728.3175
500.5283
420.08533
793.4465
647.4673
313.69376
416.61188
584.7511
755.08203
221.15976
482.23517
595.7232
702.84644
220.2096
500.68802
230.35022
431.93512
274.94608
505.63892
587.8553
500.1089
359.93372
333.21295
174.90695
341.09958
203.1796
238.28961
358.4757
685.55164
316.79486
491.5188
301.20514
428.2749
478.60425
478.36023
508.88828
372.21307
177.36247
395.2766
502.25858
579.63995
290.4739
471.98212
540.35547
454.99255
717.56433
323.8355
399.0857
535.0565
253.13828
413.71344
379.38696
345.75616
352.2627
392.3032
236.66312
258.3516
215.48943
367.08533
436.74316
304.95428
293.58313
301.14243
449.01434
184.65646
521.03125
352.09082
258.11615
355.9187
312.43756
411.47964
253.85806
463.92743
400.55496
417.42432
552.6721
367.75314
485.4917
379.02386
440.6883
455.14142
400.32297
437.28778
420.975
241.44487
406.66083
634.93036
769.42615
1509.2974
978.749
497.6903
639.84924
455.5416
482.65167
297.43585
1058.4945
425.98987
671.8366
139.79128
491.65796
939.0342
364.66354
468.4635
834.98895
204.76486
268.432
355.492
648.64954
258.9082
416.62997
180.61191
568.43054
524.3538
720.4887
497.79175
344.3207
276.88586
387.31854
292.9738
443.68903
527.7299
173.53375
495.92685
740.1394
659.01746
184.07104
479.88068
545.7988
200.55156
465.99744
271.61508
552.91626
535.1813
194.22461
678.2435
434.14148
228.15013
435.255
399.11853
157.88435
662.7811
651.1517
219.8523
552.3066
473.84845
357.79236
248.4874
839.1434
337.64066
711.4163
355.6349
410.10645
194.40492
324.3225
378.65555
226.28839
279.72943
437.9073
420.34497
342.95776
321.85443
432.96484
528.6378
301.27383
430.92584
302.4336
290.7047
433.12024
356.12442
573.0827
281.1543
360.36923
374.76422
286.1137
588.50183
477.9995
464.0948
243.17398
378.0772
269.55594
195.02351
401.52008
354.26898
576.2782
223.89403
332.3049
307.32178
261.93164
393.43646
289.5462
397.42664
409.13443
440.76184
289.55914
349.29984
571.6168
492.1001
478.64114
514.1069
420.88974
501.91052
336.73315
522.0648
488.10455
432.20233
461.1473
459.27536
1072.146
283.12146
298.5695
320.56793
627.8478
344.36877
695.403
289.7256
1338.2484
683.6283
686.3067
402.74246
837.5148
656.2227
887.42737
306.43933
232.9393
816.6336
460.97015
740.6137
527.5277
256.4114
557.6677
351.9525
461.24146
227.68182
896.8985
354.98956
474.4454
708.5503
679.9176
615.4938
587.81665
392.56287
438.43768
215.18289
203.30286
753.4193
341.77585
211.04543
401.11517
176.17372
159.91046
333.82983
423.77393
415.05096
444.9907
188.22372
137.12646
297.8779
666.7795
167.2995
406.15973
673.36896
450.85718
462.0011
292.73596
595.7694
436.8246
300.66028
188.23148
359.35846
395.972
505.3537
316.6847
237.07083
295.59106
460.56186
562.3598
229.77713
175.95769
339.09637
532.5838
224.80202
573.99536
293.15338
432.0806
282.56006
318.07443
496.91803
361.77997
262.7989
286.10507
471.67664
509.1579
658.9468
488.22537
195.54156
437.377
262.9276
301.1231
470.80377
270.86444
228.60568
419.45837
380.1302
337.86862
509.15042
393.31738
549.7592
368.96667
432.56976
539.10876
505.03787
369.02493
314.64514
472.8629
364.56046
356.4937
377.06027
481.5276
525.0342
403.97894
356.47247
522.1703
451.48334
415.46564
445.72113
402.4545
560.0906
1016.8837
327.5091
558.2918
849.1986
511.93146
580.8939
679.0836
860.45496
754.9324
932.5662
695.5819
582.91644
1342.9366
868.66907
306.28134
488.76135
619.7568
185.63339
290.4701
216.99612
620.23755
434.21674
426.14978
295.5004
730.05725
410.14282
228.84747
462.18146
164.75638
292.37955
209.22849
715.28265
648.4212
139.8158
654.5982
540.2067
540.68097
674.52344
243.96042
316.89627
198.76517
263.26285
322.54108
311.86847
247.82297
642.013
511.12402
446.46375
409.22217
218.20651
325.53894
586.39014
248.7973
454.2112
332.32477
189.57039
595.96027
306.26883
529.17035
532.0682
174.24252
295.6894
415.26093
471.72772
207.92099
414.75592
173.34654
490.86386
403.2719
481.34174
281.24902
395.758
388.72095
446.95398
464.60706
512.58777
558.6608
535.7965
407.68164
386.22238
456.43497
449.381
508.96487
441.3146
326.9021
333.47418
279.72357
159.35448
416.64847
319.04794
409.19196
454.29047
338.67422
332.63306
350.30298
421.66772
479.13766
291.58493
297.5818
362.5423
235.74185
420.97705
456.17117
386.30524
254.8508
251.61438
345.56036
180.22968
234.8287
471.99414
455.6537
382.30658
352.87885
350.6198
382.94324
349.56
276.91367
344.7879
410.38504
361.54694
602.9023
848.016
337.49008
144.63882
1101.8723
482.55157
381.45334
344.34378
448.3072
786.3473
615.45294
234.01993
318.97772
298.031
1275.8506
795.6294
723.18567
936.2768
702.01556
334.0696
192.73996
735.81854
574.31274
583.7813
385.54807
169.36133
433.7827
618.1487
561.4214
689.2633
645.14246
506.88458
175.6253
432.71725
434.1996
625.65344
514.5145
332.46442
227.48302
636.943
172.42227
557.9116
308.78668
478.98993
206.7847
529.16565
212.8426
280.10303
140.57126
261.62323
386.57596
792.01416
686.46155
425.8984
489.83563
185.8465
447.02124
240.5317
411.1601
425.90796
508.60416
459.53088
544.1557
427.2542
458.0061
425.4959
276.14938
215.41748
290.2085
251.13446
587.00433
487.79657
530.62933
397.95596
450.09363
396.77902
250.3984
209.44211
182.60954
329.87592
422.06476
481.25165
417.4297
271.12585
194.35342
238.98262
379.80484
285.6051
229.80382
459.47202
366.54956
541.3938
484.1942
342.56754
342.70123
329.72327
237.10454
320.0551
322.35413
434.53455
570.4566
291.29907
271.1241
348.96332
264.8533
351.27905
448.2043
296.90097
292.32697
372.45245
430.9069
381.61176
412.78363
411.4305
418.63052
361.2606
343.304
491.78943
383.83362
474.7661
441.39764
687.76855
717.10254
310.00568
805.69434
905.7181
555.2987
539.4192
303.38318
615.6234
710.8843
516.34985
209.53845
1057.1333
246.20229
275.4206
852.5231
281.94138
1315.5867
436.91574
497.51392
635.44025
425.0349
141.43767
364.9065
210.4473
572.2805
628.96936
189.31499
358.90054
526.9294
473.99835
798.7342
468.6812
445.06442
541.97504
278.60117
810.2712
206.22284
764.6008
661.8252
662.50854
579.066
297.31897
528.1062
575.41125
456.2678
549.50244
386.7627
719.8798
193.56485
595.5648
218.36224
244.06454
374.49707
781.96967
373.19196
428.36163
496.24948
464.06
283.10822
264.26538
332.28845
171.73643
310.29236
387.49585
297.4259
220.72057
320.7593
308.60986
177.92004
333.9689
258.25723
509.17972
242.49704
458.5562
259.06314
154.79443
475.46957
234.1337
461.73895
412.02536
340.05823
577.9591
440.6601
568.85486
294.84137
202.17294
490.9992
398.21622
193.32799
314.06805
450.1232
414.48328
491.10248
458.8435
348.8864
322.48523
286.38196
207.01814
288.06113
352.66043
493.9854
357.52063
472.16077
479.35638
363.924
407.13422
413.87778
389.3987
352.39584
410.8958
452.43845
337.57925
362.97815
396.45474
455.27887
387.24896
443.27353
450.77692
436.3587
465.19604
747.5431
638.79736
693.88983
1297.1228
1084.0941
1202.768
425.97253
232.20386
366.60385
834.7616
407.61264
846.0068
274.74304
318.42282
289.22186
164.01126
135.11023
647.9278
712.5346
194.84084
440.73126
546.5155
459.625
301.69098
256.5742
249.13615
290.0267
407.40186
282.46625
221.2879
553.1234
335.68762
471.0479
864.266
684.40076
793.25323
189.63055
672.83655
440.6847
222.71172
311.15137
221.4382
423.71982
691.2283
415.50333
178.45197
611.1432
476.34338
384.56445
227.62016
426.792
551.0067
542.42645
450.57635
285.80463
701.9566
548.8783
335.15973
445.7719
495.41238
441.59995
675.6178
259.9157
440.55988
436.70868
359.74243
265.27338
180.45447
340.63382
365.49207
294.36475
481.87646
426.27136
650.8883
264.81763
502.61536
532.98694
449.93082
304.80597
554.75305
169.56949
415.3796
327.1185
557.8989
283.43988
562.98883
548.3977
294.46167
622.437
351.99133
511.86377
354.37906
464.57028
407.08618
399.20868
438.00592
483.9917
374.492
330.0395
211.23645
334.28458
480.45755
208.30727
497.61346
475.5972
397.74368
386.9263
462.58856
464.41748
504.6093
304.79492
192.74933
401.7624
356.3252
342.72498
211.77802
330.7005
352.54333
334.31366
497.0692
476.9078
815.1238
539.43933
227.7543
355.94687
539.80035
862.7709
907.7511
312.3883
169.4783
366.20422
937.26416
244.87572
527.4287
200.82657
248.0797
238.93536
183.22394
368.24817
779.8481
1422.1755
538.8751
723.0436
646.4988
211.91528
275.6161
537.8004
260.65698
134.20432
339.81177
459.12912
395.98798
202.11623
451.66345
1029.9414
387.5547
430.83612
700.21826
471.1237
447.0119
289.57516
639.34595
440.96405
373.83197
314.99893
635.3788
396.35022
377.22247
277.50327
518.19543
412.15466
569.3556
362.6461
435.5043
442.1672
584.058
322.46472
427.47864
401.23798
627.06946
478.13754
415.7379
274.88556
288.4325
335.37964
614.2331
303.42352
195.69437
573.824
718.2619
346.3412
697.5926
548.62427
399.8047
464.1185
292.71832
186.07614
385.95508
312.50714
495.79926
522.15173
569.94434
342.59174
230.32106
342.76865
572.8358
424.58862
212.82271
209.466
259.14517
443.63586
234.64261
683.1897
328.88373
495.88226
508.2718
597.4252
411.95084
150.2739
170.40668
413.08215
429.48758
477.3698
379.37726
441.08386
605.364
301.63208
469.87692
462.79626
428.6328
216.2016
453.61063
414.66412
388.64435
285.68134
472.95935
344.19
250.64627
345.89487
316.44797
326.65674
383.2708
224.17526
779.2682
584.8972
535.2401
143.16025
1340.7231
766.93384
448.30444
319.96967
748.0591
467.041
853.54285
468.33728
1012.1996
513.6816
876.7079
293.64838
464.33817
421.23773
482.76633
153.92047
396.3769
582.28064
437.35394
164.98004
480.51147
392.64697
673.689
423.5334
788.75165
648.07733
204.62021
618.7423
369.26767
793.2435
589.67633
295.51538
683.4516
693.30194
192.47345
643.9103
573.26483
570.7894
314.33264
450.08655
306.30887
169.71017
622.9638
405.76654
286.75183
555.1716
441.6786
587.5099
299.96576
264.70068
226.3125
459.97128
232.74509
517.19543
387.1726
244.71584
249.69121
198.41478
428.26755
175.77127
277.93262
528.27374
518.5377
368.4981
379.4621
400.92065
245.43402
394.97702
346.62634
502.87695
201.03413
613.33777
341.92163
539.0541
342.24664
280.09573
216.13332
518.2717
430.6864
330.11694
428.29355
445.0704
453.57166
387.047
313.99142
198.89662
406.7017
408.6297
462.1897
453.82623
466.72952
362.64304
217.49693
227.99591
176.14381
269.87524
341.66553
429.4698
436.5251
284.51727
473.8624
333.58832
350.79953
263.51495
338.16504
315.31342
294.15637
255.19586
352.57715
496.13223
489.7934
432.6518
324.03574
351.85797
385.7156
346.80127
492.24005
211.92412
453.07553
271.05573
641.9092
493.16534
866.9959
1311.8931
775.4984
767.75555
845.381
1095.5579
357.0569
660.3161
692.0743
622.39856
477.06375
1079.6274
261.34015
145.67819
293.90744
470.91296
515.49524
406.28857
174.20692
775.62054
291.40002
164.31868
505.20047
429.47284
580.1448
421.7185
229.42894
402.6389
331.29437
462.15332
467.21103
677.508
549.2244
441.1257
550.85895
180.19003
236.68835
258.3371
357.36795
601.4227
494.01456
291.02557
512.83704
618.9119
378.36383
411.46347
219.03836
548.4043
455.16144
806.4072
464.31342
191.46149
537.94244
163.09602
270.7665
388.6474
360.70108
529.81665
208.54218
292.50827
568.1389
383.4385
260.05347
293.7959
392.8201
171.31067
486.0163
353.1594
283.45984
488.48468
366.03552
439.2587
250.56975
671.86536
475.89627
541.2185
623.8984
403.43475
635.69055
330.2585
283.5643
452.53845
337.19708
560.78125
454.00467
606.87683
474.17087
473.14044
226.27817
196.44968
343.31256
421.56946
358.42422
419.75262
378.31668
446.94275
348.6904
257.67883
427.4627
196.6663
306.72018
305.13336
373.7284
335.50208
333.17816
210.545
284.484
306.94153
269.0978
391.27414
439.51645
422.3585
434.46298
354.5501
302.0748
622.1961
751.6248
290.46393
398.03467
246.40814
773.8187
424.02927
560.0163
173.97025
356.67325
670.5685
1048.0096
460.3917
556.395
198.18706
571.57715
177.29318
188.15912
203.44637
593.3407
652.7081
564.91223
497.08624
523.16187
1133.1167
235.20215
135.7987
443.37933
814.6035
316.89618
346.74808
176.24953
1141.5961
791.52734
603.1423
532.50244
405.9817
387.21716
346.71234
510.00906
629.0556
164.26926
848.683
699.0718
254.33267
534.2564
477.01874
198.18993
291.07635
415.64014
218.50508
456.20123
407.01062
457.42935
359.03125
434.4157
626.24445
264.62845
269.63217
456.04715
337.32553
311.5912
452.54462
691.4732
352.63068
670.78076
340.70557
460.2154
565.8753
446.6985
424.43958
771.47266
448.77332
231.68338
491.0039
324.52682
387.35974
531.67444
369.19855
491.7081
377.6114
179.26828
469.03766
577.88245
309.03857
543.54785
251.59299
297.9951
426.03064
465.22675
431.89825
301.9445
462.0114
329.31897
399.5283
290.31708
394.65894
401.84006
353.73352
216.77805
464.15103
233.2248
434.39142
494.69507
293.5832
228.60706
370.0721
487.01074
328.01733
419.74237
335.1479
265.1889
469.35086
424.71796
325.69803
271.59842
354.52768
338.61725
284.81165
336.2125
362.6134
544.5898
542.8907
465.39258
872.3231
1051.4578
150.33774
1132.0154
927.459
727.79004
438.50208
480.52646
277.27747
262.18597
644.36017
1297.1721
844.9144
511.872
291.07455
287.47168
157.56718
255.39723
586.70435
253.82593
228.66557
319.74893
630.78906
598.3521
410.40552
199.03204
163.6745
626.92737
434.98218
451.97223
295.23022
664.0901
308.74466
440.27267
696.26154
191.96896
245.16937
540.47485
243.81221
593.18274
793.9271
322.0053
339.2016
470.49942
333.25275
295.58563
396.0578
435.27136
295.3576
396.58673
575.60944
473.78625
268.31494
325.9795
351.30902
472.34634
515.2514
678.8382
273.2566
234.98726
380.52753
745.9856
717.86273
380.3112
204.57217
557.1901
436.3769
176.278
665.3683
309.09137
219.66663
430.82617
445.11
340.66623
456.5808
455.2611
357.17447
517.4382
389.6994
218.67636
484.61566
319.1054
389.45032
569.5515
193.9292
354.05518
449.7017
335.6845
172.97461
537.4015
419.67804
434.03983
507.21957
353.83234
506.3338
282.40747
401.41693
204.93262
373.65323
403.33698
400.16644
371.95746
390.07608
503.59735
297.47058
565.593
333.24527
473.54138
493.36993
488.21448
318.9008
337.2096
462.08966
424.29282
442.03253
252.45497
344.53555
362.7804
683.0392
849.9474
704.2051
883.4282
1410.2412
301.04333
328.06454
135.50183
676.88196
232.1041
449.22943
450.98264
1022.9124
207.6868
289.4134
257.35947
717.0431
931.0568
223.6969
637.54553
227.53476
288.52435
459.81754
337.0714
443.54156
821.4132
589.187
647.9838
407.73724
193.64267
643.7402
353.1391
561.1986
158.95847
160.02469
239.95789
279.28842
254.14545
261.3341
666.2605
282.87784
176.18668
177.67094
578.1254
327.96112
219.52094
244.97769
202.37918
431.8
408.34387
473.10724
644.29315
427.51498
278.15338
368.4441
276.72964
326.73865
690.3421
307.13046
442.02704
503.72818
175.96895
398.4661
425.24847
510.5084
447.65063
203.84167
187.93208
242.80571
223.79681
274.78088
387.48557
346.99954
431.4118
294.3297
527.2507
505.04135
385.7602
422.16385
321.48334
534.87585
579.8387
665.75684
503.65375
363.18146
706.65564
417.5586
553.0589
493.7578
488.5912
389.4486
349.1176
357.62903
540.4363
538.1952
443.16177
388.39093
539.30994
322.79987
419.55304
470.37537
484.84088
461.04733
442.75723
483.13943
335.6975
330.45065
499.39648
464.18164
312.05405
339.76453
513.1387
368.0985
459.5804
426.10516
407.2243
430.95654
337.74417
367.68582
411.80078
340.26086
244.89095
455.35565
1048.1401
466.60358
642.02563
191.75034
827.3407
718.95166
166.87643
181.51175
260.4431
497.8499
1054.7405
917.0919
433.4325
889.36066
768.9531
405.28763
382.53818
151.19983
220.95518
389.45886
251.6018
663.5814
223.55623
637.38525
718.2096
175.77612
427.1169
290.1989
494.49124
580.72217
1160.6912
432.4922
225.01776
462.29352
540.39514
434.70197
512.7219
274.1238
365.06586
397.80664
648.2612
709.3375
707.15686
345.7572
228.99023
420.3011
200.03595
543.3705
492.2383
194.68578
253.38898
294.35135
479.23636
355.3434
284.2868
576.79694
466.52472
440.83783
284.10126
521.6504
223.2895
260.95065
463.39667
457.94434
570.5077
658.30743
372.18707
316.60242
305.64526
258.80045
618.35956
531.73663
468.07867
187.23996
326.8779
274.89862
415.08286
295.62338
284.15912
246.80856
295.0164
153.42151
390.0315
452.35907
337.94882
428.65448
410.3146
410.08453
535.76135
493.88593
575.9074
381.0415
209.30505
325.45218
564.1322
438.41254
437.43555
322.82184
340.96277
424.43777
336.41437
496.45813
355.01154
451.67166
325.89624
384.54633
254.80676
463.0987
387.42007
246.29358
538.44556
388.19028
313.65445
506.04456
345.87988
425.00214
430.3642
345.0418
364.5987
774.7434
1217.3242
153.16412
168.84381
467.71454
285.61276
224.30173
803.6974
641.9138
693.6826
474.9021
946.43744
369.00485
553.0349
381.03473
441.32193
454.06647
656.2945
206.43182
426.10822
479.2666
209.63574
407.7448
290.77658
810.9966
427.04312
466.28745
593.402
1078.2788
306.93695
815.3317
248.95508
159.46188
627.2495
568.65796
417.28604
705.4893
620.94684
622.6124
198.52356
217.25217
675.9927
525.167
195.03087
294.06253
395.10565
873.5977
451.39624
395.99463
311.22705
420.6646
316.40454
358.14008
543.5432
340.92993
252.61115
349.11804
343.97925
194.80995
457.30182
356.82452
446.37827
376.82834
589.1351
474.33344
350.38818
222.27502
220.6434
395.34882
494.82272
401.32788
652.0167
357.19733
322.26892
172.6655
530.0512
443.46252
286.44055
523.42065
320.7984
488.15894
337.13928
262.87265
396.2775
382.74338
186.70609
265.3886
259.16083
454.25256
536.0863
541.81
183.77069
493.08926
215.2288
337.12308
539.6091
572.7639
611.68243
423.4295
582.3431
468.3611
440.4568
326.7091
347.90582
353.13535
478.20715
321.89227
405.26117
279.5239
240.13919
454.90387
405.85083
283.104
336.69293
434.98932
344.55212
484.39737
262.21445
281.75464
398.3195
382.8268
590.4067
1091.882
752.1881
1408.1226
421.94708
836.8101
872.10474
161.56354
400.8305
173.35092
355.4895
627.8659
397.5791
181.62541
408.02252
528.25134
444.2052
515.46387
676.4564
630.9861
231.7193
731.1423
405.4718
877.1898
294.3142
429.6988
733.698
426.36987
163.27313
190.28522
683.94135
239.72191
833.09375
372.78455
576.4121
478.31854
327.347
274.5177
429.43326
639.22974
438.79578
698.6753
262.95612
135.42342
432.06955
339.7096
164.6712
503.7696
418.21976
577.81836
245.05426
362.87784
239.87415
538.40436
467.17108
390.53012
442.69217
287.99008
210.78546
246.40323
369.47202
541.55817
504.14948
643.3624
490.3797
336.83618
487.89374
200.76143
559.82666
263.28726
350.48447
193.34166
297.73505
639.93896
340.68573
316.16443
352.24094
290.23712
397.96118
418.5876
326.9442
382.59964
481.33832
276.93353
210.82744
270.23535
454.1601
433.35196
466.37125
416.854
434.97687
298.7775
414.0825
216.50586
343.5816
609.3158
379.78
332.28888
281.26895
518.98267
312.83707
456.90735
552.433
544.3568
497.67413
537.9699
196.08435
455.17746
486.0082
220.91269
280.72137
341.30994
443.75317
496.0276
337.60986
328.01453
454.7481
265.38693
395.2014
339.58035
361.65775
385.5212
316.24896
833.9307
1417.9899
739.18164
1049.0303
591.113
395.305
146.60736
818.32404
565.9718
148.20486
255.72684
661.7529
551.6749
908.6708
641.1204
455.71307
240.20753
392.80133
678.39246
428.29858
822.765
178.96088
246.8181
382.35165
527.0812
521.76227
371.68936
577.94366
657.03735
261.67816
269.43893
735.46967
507.54422
328.24808
189.70593
386.688
279.15744
448.2448
350.14944
566.7145
434.81882
382.25473
336.18716
681.26056
456.9578
469.24753
204.0319
646.7562
619.3703
442.14032
644.8306
231.89978
275.0044
271.1996
347.0709
688.86975
478.87836
345.5238
576.307
287.5605
382.33862
386.31128
242.42714
526.1752
312.3538
256.546
375.96576
287.76758
167.5105
513.29706
424.30383
195.02185
440.54187
425.46112
463.5608
523.1295
308.61423
356.2258
287.14316
209.17215
311.94086
327.3759
180.7235
175.57874
349.95807
170.80121
276.6502
549.31494
229.70602
328.0875
340.26706
487.8487
224.28305
443.70422
429.71143
360.62323
528.8347
304.99396
470.78558
329.18546
336.6013
211.71843
436.1871
492.9657
498.59497
433.37836
222.67316
422.46027
461.58826
450.5597
477.32562
417.91693
331.3798
388.62744
320.418
317.21936
446.20404
480.6614
413.28656
257.2494
489.07504
537.22064
184.733
686.24335
496.9389
775.0134
1424.1787
301.19843
439.84143
261.88138
662.4272
290.04486
929.55615
354.52042
431.43817
442.3305
821.35046
444.85324
832.9691
360.88327
391.01147
642.95105
625.86194
395.92053
165.81001
396.85242
614.27893
419.73218
200.66205
330.42017
199.25789
378.92108
374.33032
492.12933
537.2358
176.82138
511.61365
883.84625
211.69191
300.31708
631.21924
555.44525
165.62411
518.1759
290.28912
224.7557
246.85359
578.2593
420.78406
528.3232
522.5404
335.66116
442.3083
149.25517
565.6002
288.94888
188.81363
557.7521
762.10376
324.97885
619.32635
460.45087
486.0064
387.97403
661.4518
462.5385
297.48358
449.9443
656.6609
355.71848
450.68536
190.82516
474.01575
893.6263
489.13123
381.20798
299.4391
500.53845
544.21643
296.0671
205.17072
217.56406
433.85107
561.5744
320.67996
357.95923
322.5733
342.06393
158.81459
315.5374
274.56543
352.14276
217.34378
397.03687
456.99878
348.07465
317.20056
259.65826
329.7448
215.43338
231.8775
258.36163
564.3519
317.4001
488.47113
456.81082
428.087
405.5075
491.89832
338.9547
325.47583
451.19855
430.04382
270.50577
385.121
402.7907
265.8038
378.64172
454.01666
421.7428
464.33545
847.79724
532.7819
685.6125
884.05676
650.06323
411.01184
778.0437
622.73206
639.63635
257.95493
735.1411
226.99744
831.4625
1108.6489
712.3312
342.07935
518.82245
446.52972
174.69684
264.3842
241.54141
618.64233
390.30377
634.1791
778.25635
593.2605
1022.66156
144.45209
167.6602
462.8776
336.70166
493.5063
307.22025
543.5272
168.1871
692.7545
362.41022
249.21765
505.02344
193.09981
286.3007
518.2134
418.03156
575.0577
752.5733
414.5194
432.65137
347.24072
448.87738
204.91008
267.1549
417.93115
297.3807
372.25092
161.31847
571.5991
220.59096
397.96466
385.7097
315.5271
218.47673
392.84576
485.02765
575.4704
590.7321
355.39932
367.26392
184.45761
255.22156
459.706
453.8758
456.1329
370.90118
517.379
286.96353
874.4392
434.6142
482.211
425.96164
185.99055
291.67044
461.74042
218.61856
503.1303
449.32605
353.79968
304.32712
201.2543
323.04865
246.33766
475.3385
468.82977
534.21643
294.2121
479.8474
353.0905
217.61464
354.89017
287.8181
384.4082
279.31598
260.70453
431.04095
278.38718
228.30908
342.76978
339.9336
324.16006
336.19815
426.88443
438.0598
374.6778
420.86993
418.95807
491.08105
443.17188
335.25146
307.42593
413.42175
278.30127
829.23425
243.98949
175.54135
618.4219
868.3838
467.60162
311.81732
294.59058
415.4303
496.18033
712.6476
857.17755
1384.3157
591.5153
459.40283
512.0944
667.8959
735.53723
404.62753
1014.2452
622.85364
217.77853
612.6791
245.97295
570.78467
631.36224
373.42722
510.5086
410.21176
226.59793
131.18579
263.9163
255.15593
642.4169
799.14075
704.5846
285.24194
669.38525
522.31757
371.32532
160.56717
471.96835
561.4831
154.40564
548.2441
409.10577
327.58807
423.53485
238.45792
179.24545
675.2759
434.83832
418.88904
394.46356
191.25345
168.89148
397.889
509.57043
514.6083
580.8815
361.24896
562.17883
450.40222
486.29132
340.6247
448.1488
520.8174
393.3031
277.6679
456.51117
313.32227
269.31897
343.5002
437.2558
259.6691
316.98254
445.59375
325.81653
264.9733
347.76935
385.98828
452.606
334.2771
324.4457
345.89465
285.37247
618.3867
315.96906
225.04994
280.49106
519.51135
407.24283
301.61395
371.43353
330.6559
340.25586
191.7829
446.95612
353.4783
217.47708
430.83945
203.00803
421.87766
189.43298
418.26633
199.95518
305.17877
436.37265
482.72833
292.65802
490.81656
463.76624
470.8625
424.31174
435.36508
224.08333
281.8927
327.8378
379.17297
313.61353
380.21545
979.98065
293.24545
447.94702
697.3393
219.4544
822.48364
688.99243
424.52655
532.7998
502.66055
636.2699
276.6947
470.59906
416.56366
660.36365
195.72638
907.742
351.8584
491.89874
190.10144
382.92975
375.26016
359.37067
205.34746
604.2715
800.5211
609.2396
684.9585
455.63092
1297.8591
230.10783
252.29839
512.0601
567.5049
444.23413
615.52386
405.34415
765.95667
153.76465
254.96448
340.35794
605.4081
460.07666
452.94998
546.6204
174.165
250.88039
516.67926
458.90842
387.3907
375.0834
266.60156
334.6942
343.7266
281.5804
521.3444
209.88742
385.65015
189.72958
218.00024
443.212
432.23535
414.89587
390.39902
248.46942
418.57886
510.16602
316.70563
759.53064
350.12515
423.8681
339.8415
552.6317
429.63046
345.47375
495.13528
592.9137
137.77203
437.0287
724.71857
607.9879
419.9382
221.86281
338.46964
220.82849
478.05228
174.68555
177.30673
422.994
320.44067
255.18796
282.32953
379.1112
306.73743
297.86078
252.492
294.46063
432.93262
504.64813
421.32788
464.49036
385.00012
302.43793
431.78256
276.8493
449.98688
284.6352
375.01437
395.5127
293.96155
457.7511
327.25433
585.3734
314.05948
349.72134
159.18909
488.84753
434.66016
239.45976
351.1614
324.1994
320.0676
206.49521
610.94226
681.8528
482.09515
132.85641
666.2403
824.4547
181.15457
573.5205
1084.6628
1035.1855
879.03516
723.9392
641.0214
641.0619
572.6116
527.07513
1254.4573
658.6461
221.05988
388.3329
242.45795
272.8369
492.97125
189.71515
254.90353
397.414
396.15497
448.69238
537.2739
338.39658
431.13263
232.25665
637.60596
343.87076
154.99306
454.2265
311.77338
561.2446
250.94409
401.78244
828.14087
444.17462
586.96844
477.80798
626.90735
553.78015
175.70575
217.1465
731.57904
483.07617
431.71228
520.2693
399.9185
257.2676
299.47308
257.46814
200.73036
400.08722
448.98145
297.8607
527.1969
519.5426
322.8226
413.02078
327.96088
382.6735
421.36993
316.77527
396.3178
381.4865
271.9546
423.2628
450.90335
472.9417
323.35733
247.45364
283.91754
430.83145
163.49196
426.7954
580.28815
185.65594
236.78766
621.531
435.849
344.14417
443.82233
260.39893
565.6266
349.5631
414.7751
501.01526
193.08618
354.5574
568.20404
266.2723
332.19156
345.97977
298.23242
241.38104
431.4549
353.83728
461.0604
467.8769
415.88303
501.8443
298.09775
483.289
284.7275
456.44223
199.6459
352.50424
330.9846
456.75244
350.5774
343.82245
315.57065
404.2378
375.86407
815.7656
1419.532
745.496
190.70721
303.06528
490.15106
587.5937
683.9563
149.19708
578.4967
226.82808
530.91174
435.85675
668.8355
438.87415
326.05325
398.25055
526.7018
227.56154
737.8147
831.5122
378.72314
483.01398
1040.3516
295.96542
922.4221
783.7728
390.10138
337.05945
246.2148
718.3246
370.6848
764.595
643.1466
297.1473
654.719
453.2202
244.32762
515.6221
337.7221
635.75275
289.83463
604.8949
177.53804
449.68896
194.3054
644.23785
449.35577
564.3351
469.8827
425.3863
353.34668
408.6392
312.58093
305.5588
319.6566
436.54007
431.58456
208.43239
413.8382
460.0277
487.93292
571.42883
312.4049
566.30444
162.10205
197.58519
239.61035
461.67447
352.43927
584.68
181.14754
437.40802
287.1577
537.41516
317.81403
420.50604
364.4438
460.49005
547.82367
412.4364
402.42432
393.86047
261.56485
279.86444
204.25742
497.81042
186.74905
268.25067
376.77795
335.51172
452.8236
334.79034
314.18207
520.27905
414.38303
522.91077
280.5416
157.96072
482.7279
466.9662
434.4859
351.07336
382.89642
352.0211
335.9471
274.40625
378.31998
216.85167
464.42438
291.56427
430.78006
268.68918
468.98944
471.95294
221.66824
434.0846
255.55675
380.78644
328.90472
371.84073
542.6786
730.693
1191.3157
478.32965
530.0851
765.21655
834.5562
698.00183
827.7883
473.5778
150.4082
640.4029
681.0917
871.246
613.5544
751.7954
406.40454
233.27597
204.26572
401.6532
1257.092
201.07576
425.4926
199.72543
553.7389
276.13907
377.85992
388.58154
807.1071
595.0189
543.3192
393.9406
423.88068
340.1057
406.4453
642.6488
509.74927
342.9707
396.47235
287.67575
170.03198
252.51053
427.85516
651.0388
299.51654
275.1662
227.02042
416.30463
335.20428
250.72047
333.54047
561.4912
617.1671
419.20123
642.36316
347.3129
293.25128
452.1775
264.8578
457.97885
157.6206
452.19812
443.51605
472.23358
459.5147
175.67688
611.75104
280.27393
613.8013
493.19974
445.26666
208.7367
152.89651
285.64905
330.05606
571.604
340.8589
565.17017
413.16992
397.19934
196.21161
263.19403
246.96489
415.7567
188.53052
357.8897
541.89075
375.32904
449.64557
270.89368
383.27454
354.7417
249.00018
514.5189
296.07343
428.9933
363.61066
435.72592
358.16412
286.48532
472.36224
390.7393
314.58542
445.43945
316.32776
214.26076
492.50995
328.64728
461.60925
348.50677
525.8783
481.21326
224.3591
240.47946
492.23798
498.37427
489.60577
511.175
319.41083
341.5317
357.6327
224.7976
499.32275
848.1462
1496.4387
1015.97144
645.36145
173.1745
742.5813
808.6756
257.04987
624.7624
135.98643
707.5241
520.6741
687.5891
211.4925
242.12715
603.45966
415.28638
1039.7665
436.9419
178.6777
322.64017
519.3236
279.4172
392.47375
572.32556
568.277
156.35287
671.59424
433.9095
296.59448
536.51373
586.6787
310.25925
656.2672
451.07263
900.7583
706.41455
466.04993
294.64282
305.97623
638.0698
235.10712
456.29938
392.7874
172.39587
331.51196
467.94006
482.88028
545.7593
504.3858
457.92303
457.97488
236.90927
451.01056
175.26704
353.23126
257.41006
358.36646
329.0547
275.98126
470.234
498.5419
214.37262
280.7503
395.04688
213.1135
463.61496
545.90784
674.2491
640.3264
449.10822
656.16614
611.36584
467.80112
455.45947
349.98157
253.80371
275.14233
192.76035
407.71826
359.84464
375.32373
455.6742
421.86108
437.63937
279.28198
505.56897
191.2061
311.5643
377.47662
312.4774
300.6908
532.04285
286.52783
519.88
359.16562
203.78207
386.45807
494.57507
301.136
443.92572
431.21796
346.14508
425.5203
298.53302
338.1737
456.236
404.02032
440.03192
394.35132
422.0355
462.27356
351.2807
226.92073
370.06763
327.5488
319.21616
243.90251
344.58276
248.67664
189.57576
486.14297
645.8596
469.13486
542.635
453.75864
251.88376
1371.5714
1111.4868
239.13132
588.4348
203.67493
796.8566
652.0403
960.0304
515.4799
548.5434
226.25262
432.4212
678.4364
174.8211
540.2402
465.4962
585.7994
877.92993
359.08237
138.9086
209.8299
353.0919
324.91138
154.03433
487.93958
709.21545
607.0055
290.1731
582.53705
691.7812
200.78767
227.30984
389.04907
345.21863
455.93002
537.89056
303.37662
659.71436
305.63
308.23938
454.32526
463.77344
825.86
875.2551
521.6283
464.82074
464.00586
468.39523
284.3468
646.89685
360.50513
762.24927
257.07703
255.88289
460.87695
681.45483
425.59613
578.166
211.3138
411.08954
360.65582
413.24426
509.27933
376.0458
493.0464
442.83862
453.1784
370.87054
443.004
380.06757
174.53253
176.98886
178.99695
536.1061
288.96515
444.41885
470.60883
235.65031
312.9602
314.89734
262.59436
345.42038
530.52124
394.4403
399.03604
522.23663
287.68207
316.64233
493.14392
320.63242
266.33398
291.84082
261.5862
369.9622
590.5253
447.2322
435.0107
339.51523
327.93036
253.88556
406.0442
422.61243
479.14886
348.98627
400.20572
378.98004
501.49295
336.05652
286.69998
585.0674
341.61847
400.53986
398.51166
972.418
364.9152
832.3721
978.63965
192.80356
141.35199
605.803
833.7374
660.97565
515.9502
241.86806
365.12253
1347.59
477.73236
501.49335
195.414
189.61378
323.5146
585.1864
164.35275
496.3542
178.59468
341.85175
542.26117
388.67203
715.12866
452.06842
589.7296
357.05664
493.00903
705.25806
285.86893
671.11633
208.75653
408.54688
212.28046
300.4901
667.5725
826.78186
460.48303
329.98486
350.63422
494.49213
400.83206
223.33203
164.6109
447.92322
363.0302
211.56485
371.22086
312.53436
538.4878
285.8307
408.7968
538.1223
906.57367
523.31
606.0222
248.12233
351.39862
455.77948
638.99133
414.40924
437.51044
323.5095
289.67896
228.55536
424.51532
194.1935
232.1507
249.61737
454.39917
308.70514
284.16766
200.9481
258.71585
481.11362
547.51697
478.69812
483.30145
665.6699
783.0582
310.66946
618.86096
610.79846
348.46985
357.78296
258.3111
576.812
417.80063
422.46432
342.7245
486.81186
379.21558
399.50525
524.06067
651.05457
639.51294
493.2812
361.3814
251.37482
282.2016
441.87238
383.74286
314.33862
419.70593
290.7622
298.133
397.57898
260.7086
427.63666
334.3391
539.62964
420.24084
386.61374
465.026
466.82727
461.9087
444.14832
464.639
347.60568
633.56775
595.515
1405.397
313.50183
464.30573
329.0634
675.59973
836.9203
711.1669
597.02216
340.9478
496.61667
433.6322
461.25348
529.0127
445.0929
577.8117
284.42245
438.06836
911.83276
362.34708
434.9713
461.385
317.7296
684.39197
339.2909
604.5287
414.49014
400.39508
233.5931
604.1459
772.1766
514.30273
621.1418
334.49728
309.11877
157.87967
340.4304
513.322
634.1636
139.2721
227.51358
348.50366
181.77638
686.6331
416.77655
167.10645
923.0139
389.32275
541.2638
175.18988
464.39743
833.672
551.53345
250.85571
204.21735
274.58887
279.9598
357.37424
967.5095
275.724
739.2125
571.98004
470.4469
441.3946
532.82996
468.24823
261.52032
398.71786
403.44504
660.0631
574.44836
638.40967
305.38885
331.3767
511.99335
437.6845
289.18793
458.87463
509.9515
357.313
345.80182
199.58685
456.66498
375.74695
173.10738
425.80072
388.79892
328.6827
425.9048
473.88312
276.385
487.8023
291.19794
189.54718
420.05795
346.59302
212.44019
217.57628
289.19598
414.53662
399.9627
484.0236
362.441
386.19006
394.411
195.90631
191.8465
328.01495
221.2359
485.21698
411.08972
262.39618
503.23898
307.70947
412.3062
372.42517
456.79132
286.25906
240.0686
365.18094
192.18178
658.8434
184.40648
646.6227
339.27008
352.1019
843.22675
514.98346
596.7907
567.7472
676.3124
381.41205
737.01404
834.61035
921.77844
592.4637
629.9243
856.7958
162.355
1098.0972
217.57657
402.05148
257.37912
1233.2701
450.9326
328.0642
410.8911
455.3291
588.20715
196.88737
453.79977
219.58585
438.49506
302.2154
210.42154
383.63147
311.045
138.7024
545.62616
643.9668
261.30115
335.60886
256.89178
213.74911
670.7396
237.4935
327.0826
358.14044
200.58733
713.9549
513.9374
511.36145
327.79883
156.14914
512.97156
478.26392
266.76132
502.36877
598.60175
425.4643
701.2836
417.11356
323.22504
466.61005
646.9352
314.07193
507.2886
281.45306
466.9033
586.1148
341.42313
390.51367
239.17249
286.78687
537.52924
290.23242
479.46207
437.97424
175.31712
285.33084
216.13794
424.2177
291.11475
336.66412
417.6808
371.76062
384.2531
408.20697
306.04193
279.46777
421.76175
607.41675
482.41656
435.56226
464.51062
364.86572
257.88513
528.63715
487.12036
409.2881
451.2705
537.6718
542.8711
278.48074
342.57208
356.81213
302.12744
242.68077
488.4688
354.0669
185.74402
430.68088
394.38632
320.95563
422.61066
472.05603
405.3402
440.1405
472.77545
387.24664
449.055
771.152
1001.1352
480.38965
485.17395
140.22607
769.2453
711.03296
556.17896
1057.7144
1340.2037
323.46918
852.0941
333.76154
177.46112
818.0104
228.1366
558.4977
613.59863
328.40436
205.32713
160.38095
288.24606
543.4952
227.66687
443.17764
605.67065
276.4181
594.494
579.41907
260.67224
303.77603
767.8623
332.48956
579.12787
460.60645
673.7219
684.01794
709.2841
340.794
438.82797
619.5007
480.26727
525.34515
529.4381
642.3002
303.42838
159.68979
391.1053
461.94995
611.9332
569.5409
235.21228
428.08813
356.78894
417.403
493.90802
448.41968
346.3695
524.23846
216.9097
240.52402
259.30545
461.97382
226.17624
394.48373
654.43274
433.8996
468.18765
309.21326
183.7459
423.12704
312.2879
172.76959
457.38623
203.20619
343.07864
277.23798
267.3825
504.24088
353.01575
413.2654
456.3203
458.24823
288.5621
553.01294
358.84146
422.3601
417.3619
387.6519
319.30383
448.44812
199.67468
179.76904
214.49268
520.6221
502.66034
349.05292
253.48969
399.59122
357.9225
233.13293
332.74945
372.2141
370.67255
290.35248
359.42136
395.35382
277.33853
455.7782
401.295
469.71393
399.69452
307.44214
459.14597
394.0754
431.88928
490.7475
339.76227
352.4899
415.10638
398.63074
281.7796
494.10422
542.67004
1217.7845
264.5585
162.15186
824.943
195.4972
563.1498
391.6963
217.38406
626.235
852.53345
435.2035
661.5768
772.58704
655.6149
344.81635
456.4168
429.95383
528.94135
663.4003
289.55237
922.03613
492.539
677.96594
221.96304
451.69232
381.84924
410.44977
434.74908
454.97864
167.43216
422.96472
425.48376
512.545
323.25018
245.18042
804.17236
678.22437
715.473
264.61487
700.2701
178.84656
288.13702
569.08325
349.54083
350.16754
453.6161
609.28894
614.19727
341.74344
289.0644
229.61162
492.57233
315.03778
270.9939
1176.7878
458.286
493.57538
332.6816
570.81
218.38763
693.063
408.98016
548.9327
293.2735
511.29688
349.7967
412.55737
497.32236
233.92941
321.3855
133.31668
450.95062
401.00116
531.874
273.62015
309.23865
273.266
394.92862
387.0742
579.6946
459.11966
535.90967
478.4015
405.3111
371.39215
363.299
170.8005
390.72308
463.2856
202.49533
342.28088
329.18225
301.29953
230.10022
380.59552
358.04956
262.99393
172.02328
287.80746
326.9259
270.5476
488.47705
295.7796
532.03485
447.241
503.69528
381.9297
250.1098
445.81155
424.89215
279.40793
458.65097
427.28497
334.34567
189.93909
231.44763
375.32477
392.08902
819.2543
602.8178
595.25354
850.148
491.75592
521.1614
905.9441
650.6494
300.94266
290.19482
691.9867
223.75153
348.38663
445.8187
350.7652
558.8587
147.3506
1179.5422
458.34125
1183.4094
762.1134
519.46045
761.31323
645.57947
806.5464
329.82
654.8584
294.77594
612.978
228.39249
643.3296
611.5797
342.78217
406.4289
425.94583
201.5268
144.4859
505.54178
481.4572
493.77887
739.9896
415.2028
173.61702
373.93744
662.17236
177.79543
474.4558
321.20667
279.07043
247.57605
328.3711
575.3502
561.83777
395.35095
163.7167
198.0949
527.3529
529.57837
442.61145
538.11633
293.5009
206.14395
251.88084
575.6177
488.32983
523.78357
376.25262
580.7314
439.74908
185.45288
405.68573
218.30344
288.9359
325.81268
304.66028
451.35565
234.64243
222.54843
425.0957
435.59982
455.1953
350.22165
325.7837
372.10486
450.3361
248.11241
483.58698
426.0265
474.18042
274.98636
446.56958
352.32028
325.66443
456.50992
392.23474
256.1475
202.81421
292.54266
268.68768
333.58038
445.68457
399.3258
412.6087
267.44772
345.18533
403.22726
459.136
453.42853
304.3503
404.4295
276.3949
175.5975
315.9145
379.0197
416.85092
198.46283
389.36142
375.37692
411.45734
282.58643
341.22623
962.46967
219.31496
418.8952
331.0594
153.81229
269.92273
528.0313
701.47034
348.74774
812.50146
551.79266
679.2487
489.07465
644.61694
772.2626
194.1965
512.00476
372.3377
423.72815
561.63763
652.88855
455.4103
374.38452
375.2862
605.6637
258.27066
690.7744
636.40137
229.40942
207.20032
813.4059
287.69507
502.57376
241.39474
326.16476
552.3901
618.484
960.9593
498.5381
527.7373
1135.6106
232.7563
426.3697
454.2219
346.52612
523.0504
471.5617
287.8482
285.08368
384.498
529.4787
149.66083
602.7678
306.607
653.9934
498.82178
170.19583
416.78897
607.21454
207.91739
283.28946
263.73663
329.24786
567.9333
267.72815
479.2745
558.35736
226.43929
306.3708
174.47362
842.0129
246.16934
427.49445
340.54956
524.00244
401.91443
404.25378
149.38034
390.87836
454.82108
397.2353
324.404
348.03705
162.59074
437.89105
386.3069
259.61932
286.73077
410.1864
348.22278
204.06677
422.00626
296.9839
327.5282
355.23184
185.67857
275.8595
445.2124
252.07907
281.52838
357.8068
386.48077
692.3215
456.96832
474.6933
236.1783
426.40814
442.0214
452.90375
303.54504
397.595
439.8886
472.61566
420.19653
474.21094
418.75397
344.91876
367.04474
273.71347
345.48328
406.68762
277.63104
957.99493
1415.9573
172.45038
205.52852
546.45374
902.3041
542.6894
398.7793
552.24
293.4117
151.26953
574.3933
749.65314
535.4281
816.60297
355.36255
292.73196
436.26035
625.46515
419.38736
333.4422
138.11967
238.90485
443.70813
221.92136
794.121
450.6208
200.47644
473.49567
635.2661
827.4563
536.25195
395.01398
510.56958
391.88226
185.00674
499.40027
386.6667
668.19617
206.78824
644.1017
425.83185
225.04114
259.35272
605.39185
289.281
348.4289
254.00656
683.2478
730.83923
331.55466
421.41098
333.1626
398.16516
615.783
375.06247
237.63528
163.42468
315.5606
569.69727
761.33997
291.63028
279.8692
403.28082
168.74075
475.3059
268.0479
406.5832
208.90662
211.9565
591.5221
513.89197
278.8874
435.60532
335.30396
512.40686
430.51505
523.9304
262.15036
176.82352
412.70367
428.93457
512.82336
193.08899
216.19566
596.57275
472.86862
302.7663
450.36514
305.40817
438.92157
267.44507
325.1456
552.45483
331.71866
462.68198
419.32394
537.8513
273.2273
284.74646
366.9412
448.1068
375.65588
364.04602
403.55603
412.79678
322.5177
356.29865
352.91696
371.42395
455.2795
346.1666
350.67715
453.7057
320.83984
438.15198
337.94598
474.8208
440.9909
368.77277
747.6088
218.39893
230.51308
940.72473
563.9896
834.5697
605.1477
279.45917
804.45917
795.0514
627.6459
477.6551
152.34427
686.99524
307.5164
512.6804
780.4902
355.54126
345.63895
1030.2415
529.1735
460.0821
301.62262
187.6496
270.2944
351.55148
247.0689
521.8992
239.31915
1219.9425
537.42395
433.38504
388.25366
417.27213
293.45163
386.35535
375.8029
447.10324
614.24774
149.49496
445.8844
266.80814
396.45398
254.73318
428.17105
286.79373
354.81543
441.55228
388.87503
308.99567
414.94315
637.85284
684.0996
277.51477
452.2642
652.75757
623.6835
343.39902
220.69165
325.3922
280.77277
547.27783
551.45215
295.96362
535.6665
342.49774
260.05984
311.3579
312.23175
433.96045
404.0656
232.59
505.1915
327.47693
386.4419
652.4329
671.2772
229.24191
488.1857
284.6129
194.15424
165.54861
443.99054
564.1838
577.22046
516.9075
436.04297
330.75934
443.82172
419.8003
426.27594
410.80084
198.76112
396.34506
331.333
358.57047
398.563
522.18396
474.2293
348.44592
188.50948
318.02884
363.3432
154.5722
467.04114
395.4788
321.77356
474.9324
466.8792
446.5404
493.30328
390.95654
511.6264
378.62762
178.67133
265.22467
271.08313
170.20825
216.17577
218.45694
382.64624
260.46188
667.8606
236.6966
440.2732
327.21402
427.73288
443.47528
1031.5867
910.1665
165.7536
639.3181
386.80414
670.95605
634.3729
562.36633
821.9763
645.6532
1332.1514
453.4007
888.64075
622.1874
249.5878
734.1842
805.3533
576.6416
731.76
446.01437
214.34366
407.66022
446.8893
514.83167
343.11694
668.8582
362.13605
216.6872
639.61194
447.09973
486.3963
428.14432
407.58386
272.3058
135.70782
510.14008
610.47217
487.44
180.53705
172.02458
202.0009
200.93254
366.56174
266.82333
428.90762
420.04993
364.7663
185.4267
257.1175
412.32434
231.39081
386.201
353.72638
514.275
587.4563
335.66382
349.96198
465.50928
265.32504
490.4795
304.7775
285.7544
491.06796
490.3794
340.64706
383.1775
426.5472
535.19214
232.96759
302.27078
164.03876
391.38608
266.1532
344.1468
417.77185
531.78735
385.39764
650.9334
240.41483
343.498
288.58423
287.0863
464.34323
459.87015
541.6673
334.24384
318.91925
187.1954
188.22296
369.6214
328.9098
311.87775
244.78543
503.53827
349.01453
310.85294
578.9907
236.30167
394.41217
391.16754
468.68564
502.1894
467.45435
450.74277
495.22888
395.13177
575.8513
452.30255
407.97168
496.8102
288.30865
290.1263
355.78412
279.8129
451.12982
466.61346
549.0881
485.7898
620.3224
1278.5527
292.35333
339.56995
570.3446
430.42035
353.0385
398.14987
625.57764
593.3413
542.469
523.75146
831.4275
653.25323
778.4833
376.063
133.44144
664.8324
487.15717
574.4468
346.23407
865.0052
487.1368
394.1247
329.87814
470.69583
708.1809
275.3346
168.32657
187.46555
226.14786
294.99475
495.20776
216.27835
310.94833
184.34674
216.77806
605.3079
408.81696
687.9758
598.60583
600.64514
588.1741
435.92758
261.7876
243.84048
154.46149
322.38412
386.0044
807.72186
237.60147
399.65704
1122.1313
320.72217
442.92773
257.69485
523.5159
208.4282
460.48883
754.9871
203.9339
788.2263
706.52704
371.0658
410.99835
331.97296
362.7397
212.77617
297.951
639.4061
344.9557
287.33386
508.5362
397.8156
289.4395
426.2547
430.1305
173.2393
413.6961
215.30621
434.32013
573.9724
570.56793
479.40158
338.34235
456.8386
306.7837
166.03723
427.87274
448.095
355.29535
330.5504
388.6261
276.59784
461.9464
278.9747
272.20993
382.65833
424.84454
250.88553
465.78107
307.6361
383.05853
478.38098
543.6638
368.56198
417.7968
330.6944
329.10208
479.14487
205.08875
484.90076
281.03015
460.0584
301.63394
347.97568
403.75494
578.4259
352.71198
407.8208
771.90344
758.00854
699.10614
409.7656
647.0437
277.1828
239.46498
706.68787
855.5985
216.56583
880.5198
616.3593
222.85966
441.0532
978.55676
369.69345
614.9331
183.05786
1354.4373
182.48233
740.64746
992.95856
559.87177
472.79373
283.0492
349.2674
447.61847
403.15576
602.73517
440.4139
223.18433
467.06763
510.36676
291.0638
544.29285
849.87537
343.03915
690.52527
646.1245
448.2469
424.36774
669.42944
477.08026
269.40424
298.46735
532.0591
303.69595
223.91791
562.3328
446.18433
359.5542
567.00195
429.61005
232.75989
361.50952
547.6273
387.94757
406.1276
351.26996
314.93774
161.62512
419.1966
578.71375
269.4734
374.24982
606.04297
437.5877
396.72668
291.50363
529.85815
417.6739
362.2821
432.7754
190.8472
190.1908
205.94743
452.015
219.37576
466.51862
309.07922
194.0896
454.8879
148.95216
490.0775
466.3791
486.38855
633.4469
284.13358
331.96774
181.70967
331.74982
317.99393
323.8033
243.97736
486.27573
217.8715
462.659
466.87592
322.73785
520.7493
295.57086
397.4818
351.35535
488.52405
296.91455
518.17615
267.54388
389.1963
425.12967
400.6794
495.36426
420.18362
313.75192
393.0807
352.61847
479.61542
373.40936
349.99423
219.15729
638.04364
517.0408
171.81708
584.83673
874.0426
375.01898
407.9143
672.5602
340.0906
292.50687
450.73474
1387.9656
762.46466
459.77234
446.36133
234.35577
147.60771
393.2229
1068.0879
169.21008
802.86597
340.8235
436.75406
695.8356
488.49594
376.86386
221.88416
945.89
836.41064
713.0962
258.48874
455.15375
271.52975
725.51874
735.54974
484.41876
586.0737
281.12555
296.74893
182.7333
525.2397
585.6272
301.297
465.67007
623.19666
558.84436
874.775
221.56427
344.9107
435.58585
651.7254
263.69983
451.72958
502.05554
294.13232
480.4579
435.5105
626.3486
346.03085
547.2601
487.81738
569.11334
683.65106
256.00464
294.7074
459.49252
174.35942
374.70148
231.99231
393.67593
542.0428
415.72684
460.65662
288.51556
445.248
358.8316
585.2966
207.0423
543.98627
349.48886
443.24374
397.83636
313.83267
510.7261
297.13126
582.0804
401.87708
515.818
417.50732
304.3457
195.25499
346.97467
471.51447
442.76572
340.7976
262.68402
282.50882
255.14465
367.01257
349.88184
399.71027
377.18445
188.15251
499.95007
370.43146
223.72012
523.18335
323.04498
415.02917
476.7873
485.05533
361.15787
463.9888
425.51004
339.38678
365.5273
490.27032
424.05432
199.9354
273.88852
160.82765
602.51776
539.662
365.22437
690.2776
143.37198
227.21298
1394.5244
771.58167
251.94315
276.96603
451.05707
843.1596
586.29224
868.7851
468.5663
651.24036
361.8415
574.82666
464.23438
757.63806
722.9402
352.00946
932.55365
733.58887
491.21048
475.64716
291.02353
1016.5935
296.60318
713.65186
431.55927
206.4456
192.82944
524.5459
388.62708
693.99835
353.04944
278.72534
618.1793
291.88867
343.7953
587.8023
175.22874
664.02014
175.16043
230.9883
398.41858
412.58875
699.30664
213.92647
305.46515
409.908
413.7104
296.54507
328.22443
462.35837
538.47986
233.80948
476.22717
658.395
451.84677
398.9627
180.13284
492.5849
200.50388
528.19244
259.09894
540.449
794.7516
488.0135
371.70926
370.44055
229.47731
574.9045
441.93512
233.95331
498.81268
371.21783
549.80176
568.4647
384.10727
341.7874
425.2162
468.90186
353.78937
331.2622
224.63466
446.57135
559.41565
449.44672
519.5594
268.01276
327.9635
400.15283
313.7126
307.92307
258.1427
379.87485
227.3077
320.9759
315.77722
362.45013
223.16324
443.3388
470.5517
515.0439
510.42148
295.7989
438.62463
391.52942
402.59818
301.125
440.9896
480.05505
297.9125
329.41925
424.00665
501.96893
405.9635
471.5441
