614.5947
650.2272
1058.0475
884.80725
218.65457
318.89722
458.90515
127.424126
499.5594
974.9708
1193.2096
440.77014
379.8391
291.24542
423.04962
577.05774
501.03308
231.47665
179.5264
246.16914
399.8612
527.4814
212.699
578.1393
297.7928
244.43103
518.4226
503.2085
780.649
652.7395
211.44016
394.91644
580.9142
319.72607
138.45538
704.1705
473.492
626.7066
427.36786
353.50726
674.7102
545.46545
272.49225
352.9132
505.2652
652.8976
198.92438
404.08633
510.06592
601.0122
194.17783
431.85693
198.60504
364.2879
229.77441
427.74072
496.31442
415.67828
305.10724
275.682
147.8848
287.8853
172.45392
198.64035
301.5354
566.10864
259.45154
413.80347
252.82434
361.81848
393.48572
404.06213
433.15076
318.13843
149.27841
330.1529
421.85495
499.70633
273.06937
407.85684
465.96747
400.47272
622.478
284.12152
327.4022
458.57104
213.2034
346.62625
321.10767
299.75006
309.7118
337.6873
202.4481
221.71494
182.42958
309.33118
371.69696
261.19736
248.87132
256.39426
378.55878
156.28165
435.43747
296.01462
217.30968
285.80087
260.7481
343.99707
214.00613
381.70355
325.87277
348.73422
464.9732
309.02072
394.73254
313.5888
365.1152
370.95596
326.36798
359.42676
344.16864
199.37143
329.09332
532.10095
688.56805
1339.1787
843.7947
419.72266
537.37213
380.21088
404.08032
245.48439
877.801
358.29437
546.4604
114.81917
411.00986
767.42395
300.61682
381.00882
693.3394
174.76146
224.73103
290.82077
537.8805
219.5473
339.04492
150.32986
473.9166
427.16846
590.9169
415.03876
288.76965
228.72295
321.88153
248.57126
374.83243
457.9587
150.97382
416.88583
623.0536
566.15393
154.03766
393.6129
448.07407
168.6217
380.19843
218.56401
446.1092
431.40625
158.6644
551.10156
362.14102
185.38849
350.45654
321.10706
133.47974
547.1494
548.38934
184.80771
454.89117
389.66833
280.86206
193.01416
668.7962
272.646
565.5402
292.2585
329.779
160.84729
258.2531
295.0215
188.76193
226.86444
347.0572
343.9538
289.10358
262.91077
351.0551
447.82318
257.02036
346.08307
245.03096
231.14607
342.78275
289.8141
467.10934
231.41467
285.826
303.11368
236.54028
485.30573
400.9864
395.05927
206.08331
306.45575
221.59158
163.36276
323.19635
286.92267
473.4408
190.88184
273.88773
257.9309
214.24326
315.59744
235.57513
323.1493
329.13422
369.48627
246.96826
286.5903
471.15558
405.8969
406.02924
424.7731
330.6927
395.70203
264.50845
431.66946
394.11334
348.30692
360.60034
360.73517
877.92584
231.5112
242.17844
259.9628
508.87897
282.01468
562.7959
248.55475
1093.6986
581.64294
545.07306
315.2451
691.7023
538.8275
721.4474
244.43245
193.39728
671.1706
386.9369
605.95667
421.5338
208.82132
440.4773
280.44165
366.53223
180.49548
727.64484
282.14673
372.8561
562.41736
539.5301
498.6273
480.00793
307.04395
342.08582
171.57083
164.20692
603.84314
267.9961
167.04672
312.15338
139.59686
127.88408
263.97562
336.71683
326.41602
361.30328
154.55038
113.665344
243.09543
525.6165
139.53308
324.6888
532.52905
368.1375
364.93417
231.77104
478.20694
362.80484
248.6592
155.77533
285.31708
315.00317
406.28082
268.82294
194.1064
239.74599
362.7981
460.2768
194.39041
140.22635
269.80078
425.24063
184.59001
461.7764
230.34207
324.92944
225.04193
255.28508
387.48413
279.6525
210.41905
227.22235
368.11932
394.19086
515.77576
405.353
167.89227
351.96393
209.14435
244.62791
367.83997
214.94928
184.9973
326.32806
305.01028
279.5149
410.61316
323.5664
437.4348
289.89725
343.53058
435.1536
415.9713
297.72308
249.85246
375.254
294.34985
278.07983
294.97925
395.89603
423.49783
321.59616
275.75488
414.30295
348.77603
322.56787
358.4908
316.06815
468.09125
873.3901
304.64056
463.48425
709.90955
414.25134
471.5061
545.4634
689.65283
629.31036
821.2599
590.14954
496.909
1120.6155
752.2991
250.159
417.39917
512.2594
158.7781
243.23969
182.38516
518.8834
358.17664
347.1077
248.10822
608.91766
343.60953
190.84962
368.45868
134.76717
236.38193
172.91779
593.3009
539.6643
118.7254
547.5437
455.90207
453.20923
575.56586
210.68904
263.36798
166.2697
217.24521
266.62695
262.90054
206.5365
544.3678
449.97217
384.41235
330.32288
173.47473
265.87997
471.5487
205.04976
363.80566
266.77747
157.39255
490.0799
253.43405
431.9011
424.57687
148.08144
238.04884
333.3581
385.19757
176.10268
336.49268
141.77274
396.80728
326.44952
399.83267
243.0983
315.15134
313.22134
364.48358
388.12866
414.66467
446.9726
432.43036
320.51917
314.87967
383.1042
377.28497
424.64932
364.58002
276.1508
276.5415
233.47934
136.21663
341.58545
263.27823
337.81512
377.0173
288.189
278.49078
288.17688
352.8106
400.03003
239.04456
239.66806
298.29987
193.59389
342.56348
371.0876
321.5838
209.1799
204.70493
280.7287
153.5093
183.69144
382.8483
367.2838
310.2663
286.0583
288.7265
309.7047
282.82755
222.79788
273.42715
325.69217
298.3242
496.04367
714.14716
283.8736
120.88934
932.20526
405.21375
314.35938
286.84213
367.90643
667.2606
527.9392
197.3672
260.5976
254.01779
1055.7654
662.39
608.82056
811.45264
606.98755
282.18298
162.89789
613.2407
462.61047
478.07208
328.52585
145.76234
369.87036
515.6389
472.5334
577.3131
549.62067
438.48987
150.56763
368.9934
363.1051
542.7728
449.79285
287.99146
195.50455
536.079
143.84467
478.78497
262.2194
399.45306
179.01035
444.41022
187.35858
238.13043
116.05177
217.29079
322.94238
656.00806
588.49274
368.00415
409.70917
152.61478
366.1745
204.2987
335.0951
349.76324
425.37402
373.87238
434.90527
342.28925
373.2137
336.15692
218.15417
175.65977
231.18307
200.67422
473.50323
400.82605
455.28625
346.5631
369.13644
316.68622
202.98296
168.7038
150.6241
272.00504
343.0508
406.08667
347.36688
224.63426
158.91739
195.24612
299.2221
231.83011
186.25992
374.23917
299.75375
449.20337
408.33228
293.6697
283.81952
272.7672
198.96129
265.0197
263.33112
353.70612
460.87268
256.24365
227.43909
282.95776
215.81595
287.4513
369.67868
250.2697
245.82251
305.2151
349.33313
317.74292
332.66446
328.97406
330.93494
284.06244
281.49844
399.90985
307.1854
397.008
352.75854
550.00836
568.12524
246.25491
630.8176
698.22327
413.82068
435.28076
236.78983
489.93076
551.0192
408.87762
165.93372
832.18066
198.42433
213.93506
677.0794
222.75624
1042.7051
336.28464
392.73602
485.08945
326.49347
109.85562
278.56723
165.94275
430.4511
489.1909
157.17555
266.77844
408.61838
365.3819
657.1017
358.56543
343.0735
428.86407
219.62326
638.6776
173.57129
614.14514
524.2793
525.06024
474.6383
241.18005
411.11725
454.1317
360.89297
422.5834
299.02258
557.76794
157.94336
472.47668
169.09073
190.16887
291.35242
611.14355
290.4891
331.1878
383.85306
373.76123
220.54047
208.8623
262.96283
132.79492
242.03046
303.8515
239.45056
177.82222
251.7005
244.22705
136.04218
262.8075
204.0576
389.8714
194.32065
354.7281
210.90984
117.31471
357.3782
187.23227
352.33173
332.03027
277.96664
470.62747
350.61166
440.189
222.58669
161.85136
370.40826
302.64276
147.15259
249.76384
346.01364
311.72437
382.2564
337.66986
265.39722
252.98416
227.9351
167.04828
226.19568
274.17087
372.75977
278.33762
369.14093
397.80182
298.12042
317.82794
328.8362
301.84857
273.0955
317.48462
352.02377
261.5321
278.56198
306.37387
365.8932
315.6454
348.36487
350.5105
340.21783
348.54004
554.7135
494.04724
539.9964
1047.8727
845.2216
943.48047
325.7498
189.91438
283.1421
653.7976
301.7641
653.6531
212.542
244.23871
216.63036
121.22976
101.46039
485.29498
538.66626
144.86203
329.99835
413.98492
349.48407
231.18736
198.32773
185.89569
223.71939
305.0912
219.50198
162.2539
417.11313
259.42963
356.5581
682.8601
570.76733
647.22595
155.38791
541.33203
351.49057
179.73462
250.28024
176.39987
333.9238
545.71423
334.41125
142.01505
481.9748
390.87805
321.00748
192.69962
331.9533
438.8642
445.63434
359.84512
225.37427
554.03906
442.8871
258.62708
349.1119
393.47382
341.8343
536.5077
207.12366
341.17212
333.3075
272.73782
204.56476
138.82611
263.49622
277.42743
222.71619
368.88483
327.6529
521.414
207.02753
387.5566
431.37134
375.8085
238.27972
434.37088
141.0173
313.0874
250.69745
433.1372
216.98172
440.52405
422.94986
236.86661
494.33563
282.9668
402.71225
285.99655
351.99237
312.33868
305.585
349.17566
360.43158
279.43912
255.68228
165.39215
256.4985
373.22345
163.34389
381.77783
365.5417
323.22906
305.25375
361.93353
368.51202
416.03397
249.40536
154.8858
301.08255
271.16605
270.2813
166.05441
258.42178
273.2079
262.6146
378.3129
363.55505
630.6032
421.72223
190.40805
271.9028
419.80328
675.1396
740.708
238.51126
130.97087
273.63388
711.2705
194.21626
406.6843
157.767
191.40964
182.58618
143.60117
275.85095
600.1787
1096.592
433.08124
563.77893
517.1588
168.1001
219.48834
410.16663
198.89282
102.4105
256.63483
347.91962
312.61227
157.09146
342.47888
793.7985
301.77225
323.19016
528.0243
359.4047
349.53952
220.96594
490.65256
336.82748
279.8379
235.4567
488.7387
305.71414
299.38574
218.11627
397.63837
316.61224
445.77814
290.43716
333.06952
336.47385
466.47156
252.58472
327.49734
299.5652
478.04016
374.47247
327.20764
214.6173
227.3399
258.19766
491.30957
240.32787
151.09657
436.68405
556.0405
262.38037
557.1674
456.02704
328.27734
367.1149
233.36066
145.60645
291.53467
250.05374
390.6368
396.27783
448.3324
273.29437
185.22385
268.10046
433.4837
326.96118
168.51411
170.31366
205.34988
363.47195
183.833
532.41907
267.69464
382.82968
396.84787
459.71613
325.46277
124.0778
129.54832
322.75275
326.65106
365.0528
293.30475
346.80957
479.66565
251.11299
356.1109
357.03348
341.68823
165.69095
350.81082
308.81372
303.4615
226.28177
371.8168
266.38586
194.5358
271.35916
249.90448
249.20183
291.82568
176.93242
604.4332
481.99594
429.57913
118.8974
1076.74
600.95215
362.35156
255.23189
594.72437
363.76294
666.76886
370.67847
822.09106
406.66382
698.31604
233.86565
359.7364
331.84604
378.9035
120.12137
303.92862
451.73102
361.65173
134.55931
376.5152
306.52695
522.7246
335.6611
627.9715
509.73413
164.40735
492.7047
299.8559
624.87146
451.4527
236.05658
529.6312
536.8729
152.1315
494.78168
464.3189
469.86877
258.39746
355.9753
243.64874
129.92679
487.39386
314.32422
231.12985
437.91507
335.8927
457.70856
235.68338
203.06125
176.09894
356.19476
182.38834
411.33438
301.10574
198.64043
194.33504
157.51096
332.12854
142.48563
213.70932
406.65234
401.3108
287.5325
304.52155
319.3203
194.5073
299.9256
264.88007
394.35217
161.25827
484.9
260.28516
419.27084
265.94824
216.55235
169.94638
403.71307
345.17865
260.86087
334.63147
348.2678
354.5733
306.4953
245.71266
158.139
306.80505
312.28354
357.57022
352.01126
354.6699
281.59064
177.17003
176.73872
142.50143
206.80151
269.34637
328.8279
346.4096
233.53934
370.94965
264.2849
281.02734
210.83026
268.70035
250.34193
235.95041
199.66208
259.26535
388.2298
381.17297
328.0747
252.70445
274.00153
301.10895
269.44397
389.80847
173.72565
351.68475
218.77765
501.97766
395.66312
670.62305
1012.3964
633.28754
613.6285
677.0375
864.9822
264.48993
495.12515
518.4581
461.9377
347.571
805.677
199.4015
114.92229
217.95616
342.4488
376.8404
293.65826
132.38704
589.822
223.91812
123.3956
377.32422
319.8554
428.24045
310.83514
176.88751
301.25754
248.11195
337.8631
346.63727
516.5854
423.85046
345.50458
410.65735
135.30765
175.21707
193.0089
270.48825
458.89172
376.926
220.35504
384.12823
465.27292
279.12762
300.6095
172.06952
397.89685
342.98346
614.36597
370.9782
148.99847
403.23132
127.56404
207.67764
289.49304
272.3989
405.21436
157.63129
218.48404
427.7067
296.97906
198.46101
226.43597
293.6781
135.14175
368.7597
275.15482
213.05673
357.81104
274.01617
317.9564
191.21341
495.8935
354.14224
399.86835
485.6323
316.06616
486.57086
253.76419
216.79187
346.5259
251.53554
433.29614
351.41202
450.86267
349.79156
357.3934
180.02151
155.42416
246.84476
315.0713
262.7169
303.2735
276.3237
324.6828
267.54047
192.85416
317.9082
149.52629
229.79175
231.65076
269.96234
245.30379
250.43488
155.3345
211.8829
236.09827
203.89581
286.9217
333.79675
305.9234
330.09125
275.90616
241.7459
489.69214
620.1892
219.97986
287.1164
187.71808
594.15027
320.0841
443.18652
133.34203
270.67236
515.049
815.94574
336.711
414.89026
153.69873
433.9112
135.17285
144.35223
154.0492
446.86438
490.46204
412.55505
374.57996
392.72876
879.9194
191.57649
103.74718
333.81354
597.6914
237.32947
252.58499
134.64346
861.4536
587.72107
439.25177
398.39365
290.38422
279.72925
253.76953
373.4355
472.93237
125.004654
643.8287
508.4879
191.81755
387.59842
363.4549
152.12427
215.15582
295.08392
163.44913
340.03522
286.44513
326.16364
262.5638
317.2581
465.12653
196.73212
196.38885
332.609
252.06476
240.95332
337.9741
527.82385
270.43958
478.08386
236.49689
332.29715
434.8963
334.7116
310.7966
564.2527
335.63632
177.765
358.49414
245.65826
281.1691
396.8039
270.4831
367.92133
277.6945
133.78972
332.09576
418.5425
224.49243
399.27307
181.70749
216.27432
305.5028
337.88254
319.89368
228.46078
335.18005
243.09929
294.30188
212.5971
283.09705
290.69055
261.5307
162.17384
334.43674
177.77371
316.92584
356.29135
219.76842
162.40967
271.59628
350.3308
246.65677
323.65274
251.96013
197.1768
342.57922
305.78406
235.41772
201.88129
249.24866
244.48645
205.07256
244.80893
258.6707
399.4565
417.73114
346.97723
617.66907
756.18896
112.47196
827.62036
674.161
521.18176
307.214
356.19092
201.14308
187.70174
468.12497
962.78174
617.63794
373.80707
205.43826
205.81921
116.30647
190.81256
422.38525
181.68085
168.69968
222.98358
457.46005
416.685
287.17053
147.124
122.04634
452.726
299.49548
333.99994
213.8039
469.55396
217.99483
307.4659
498.1884
142.57043
171.57184
389.36493
182.03705
439.83667
597.50134
242.88657
246.1665
333.5504
243.51178
219.94778
282.03107
314.11676
219.48001
284.32013
422.5663
334.34576
186.48447
230.40814
255.73868
331.19302
363.46173
473.26422
203.20166
172.54326
277.1902
561.60364
531.70654
273.88098
151.57397
397.87274
318.6308
126.05004
469.34644
233.42764
165.34344
306.1584
324.22144
245.98792
331.13855
326.1925
256.2512
370.87
288.52267
157.8461
361.10962
231.16681
280.29938
435.2913
150.64418
255.72993
326.27518
245.116
130.82996
385.33612
291.3743
313.53305
356.78412
246.31079
374.27057
201.25226
286.17816
150.71971
273.9013
287.31693
286.00906
269.12753
280.70673
364.58923
219.92784
411.89716
239.73799
342.48126
349.14767
340.17316
231.0336
247.44675
339.12604
316.67834
330.03058
189.00627
271.38086
279.4527
524.38556
648.43085
512.7374
648.78296
1049.3522
218.56706
244.40334
104.47708
501.30176
180.67432
322.27722
332.54572
777.1966
164.91452
211.27715
188.26514
535.47034
684.3624
164.01624
473.65976
171.9742
211.6546
325.92587
242.373
333.0064
598.8079
428.51764
475.488
295.82104
148.38828
465.134
253.61214
412.28082
119.31267
125.806244
178.56369
207.61136
183.58757
194.89093
481.6386
213.62201
126.92135
135.60149
434.12668
239.8114
163.46686
183.3977
149.64377
314.79236
287.9685
336.00983
469.45593
311.36224
196.50403
263.15802
200.44623
234.7874
507.0304
234.62903
319.75912
351.76666
130.0224
280.46484
310.57385
380.6961
338.95718
155.26843
141.34198
182.88556
164.58138
208.36455
283.54666
259.54715
322.52515
221.61943
388.27502
383.81348
290.0477
313.74213
232.2103
388.39377
411.989
496.77612
371.3687
259.73492
515.8679
293.03967
403.87897
350.8843
340.5147
280.15927
247.26636
246.4845
391.0484
394.3666
320.38577
285.60556
398.4313
234.90294
291.425
330.47055
361.5423
343.5066
319.03766
361.57513
252.66693
248.00024
365.53534
338.49658
226.56558
255.19016
374.41077
266.05664
338.42047
295.70386
288.1938
304.69525
243.90823
267.50143
304.6914
242.1046
181.88553
326.26562
776.8762
329.64404
467.72607
141.4906
602.53076
528.04626
121.64627
134.12979
187.5061
357.0345
772.30725
676.64105
306.51703
630.0805
542.5776
279.92902
274.70728
115.55904
161.03645
271.88727
182.51266
477.19397
156.6996
457.71497
531.6351
128.18831
309.3971
211.39243
359.39584
413.36414
848.75726
313.25342
166.0391
328.72595
384.98236
305.95953
362.623
200.1036
259.6407
280.79678
476.34
514.5284
498.0567
252.03256
167.86943
287.58502
147.4343
387.21942
359.684
146.1318
184.47421
211.54616
344.1585
254.49774
206.43295
429.7688
324.66632
311.59186
202.76828
380.44073
171.45758
192.79279
346.0828
347.52942
424.43756
475.39197
266.03534
226.37045
220.72119
188.30455
454.20523
402.9294
340.8138
140.70444
241.06924
198.43652
300.9213
224.01892
203.31032
176.34341
216.83209
109.698975
279.92767
323.4032
242.04655
313.87994
292.4179
301.29163
395.56708
365.9352
421.16595
276.07733
152.75246
237.0177
427.33276
323.27127
312.5681
236.67117
237.61508
299.58615
249.66731
367.08325
261.33466
333.36926
243.8672
277.76392
190.26309
325.75598
283.13318
182.96547
395.38535
276.3323
226.6109
366.06494
245.48203
310.53156
326.67047
247.39453
270.33026
559.51874
921.421
111.663155
120.67817
335.35452
209.76071
169.37074
585.64294
456.815
479.8603
326.68335
680.3783
263.1272
400.0556
271.1513
310.22052
325.8545
469.69922
151.92781
307.28375
333.9229
147.1109
279.00198
206.95291
580.2357
295.81378
324.92163
425.37863
783.48016
233.8954
581.05756
180.43652
123.04372
455.6096
410.93338
314.99194
525.6073
464.9453
473.55792
146.37216
160.16458
480.05243
370.29297
144.93304
205.41272
272.3069
617.9043
311.22742
277.60727
225.37335
284.73663
228.68005
251.37686
377.77655
237.40845
187.16495
241.19449
243.95035
141.0565
314.00787
257.1916
323.69528
261.7356
421.84314
337.4654
248.38446
160.73753
164.40729
276.33777
354.77142
280.4972
459.2656
248.71078
229.6738
124.04889
387.6355
329.57404
208.24118
381.00745
225.29703
345.1855
233.6181
183.71295
271.58386
272.18134
138.39502
192.36078
187.8082
312.8297
355.75482
373.45538
130.72777
348.616
158.02948
241.45193
385.9388
394.80707
435.7854
327.13983
432.58527
331.84467
305.05975
231.79956
248.23901
250.57336
345.04123
225.83911
274.23596
193.81277
167.72096
324.95624
278.32013
205.75174
242.3577
302.26605
239.86874
335.40488
184.87802
201.06512
287.80695
280.93066
425.7713
784.04266
522.64685
1017.6052
289.82355
605.9288
627.9321
113.64177
279.80115
128.1855
254.44366
444.5298
282.77332
134.5004
277.0971
389.2193
320.70398
349.64294
476.23254
451.54303
170.52448
521.0901
280.0569
630.7433
203.54102
303.151
527.12573
303.97818
126.35115
144.73105
488.8197
174.14108
597.1817
264.37592
410.64612
324.3775
229.92699
195.16254
308.4939
466.60583
309.1095
499.11853
190.1969
100.42532
311.31335
237.88889
119.48038
367.68848
294.2141
414.9243
179.82603
256.85278
175.09067
377.41846
323.30164
279.15207
316.197
208.57635
150.59196
175.69879
260.0719
384.64722
371.12982
477.36304
362.42725
241.00708
349.3931
143.23947
398.05267
186.8772
251.3898
142.6862
219.50209
458.0036
241.22266
226.65614
235.50754
203.02303
281.0336
296.64563
228.03387
276.27087
351.05438
195.5633
153.29443
191.6311
318.30438
301.97833
323.44403
289.7244
301.12476
215.8805
299.82736
162.54749
242.93335
434.24725
277.22916
243.13092
208.30046
371.17206
219.82169
317.2506
384.2315
377.094
338.654
376.12927
145.89178
316.74695
347.60648
165.8324
199.55235
241.68517
308.86044
358.6024
240.89552
239.63954
332.82635
192.01212
275.1702
241.38004
260.19232
270.6822
224.95584
591.98505
1029.5149
533.1238
801.1669
454.04156
277.836
110.214935
576.33716
408.20404
102.41207
181.62723
464.56082
389.39435
648.84265
458.048
319.582
180.74818
278.10583
480.5022
301.9831
578.5371
135.12921
180.60182
269.90515
382.28345
351.82153
263.55676
407.1115
467.805
183.86859
190.63385
539.5696
361.26978
235.67186
145.79446
270.64148
197.22563
318.7491
236.58374
398.94812
293.82855
257.6758
228.67706
483.212
312.84106
322.34982
149.82776
457.12036
448.34488
315.66476
467.9688
172.15482
200.1975
197.79962
252.2557
495.70456
335.47278
242.17197
406.037
205.78696
274.12714
273.27112
171.42926
388.576
226.04184
182.77426
265.3206
205.65387
117.59711
359.2932
283.61453
147.22902
310.59033
295.13342
320.5257
365.51996
226.21988
249.92413
207.5968
146.74924
220.1564
231.55124
133.5516
124.00881
244.8816
125.29025
204.72633
377.3857
168.2562
236.4534
247.65617
351.83905
169.98131
308.77448
294.75897
244.11275
372.0113
223.29497
330.1125
239.83835
243.38483
155.76027
311.86105
354.61407
351.8535
301.67883
158.2136
292.0147
319.87592
315.944
350.893
285.1153
234.46854
267.0891
227.33151
234.81319
311.44962
349.78152
295.96002
181.2807
336.22333
382.57156
137.75601
490.7941
349.4995
537.7457
1046.202
219.76076
313.46902
182.71136
461.2512
209.21231
652.5294
247.66626
304.2448
310.932
561.8044
300.59674
582.8009
238.01729
278.2389
445.41974
442.1521
271.26898
122.751205
267.03348
424.09622
293.0091
147.36815
225.8158
143.84743
257.2591
255.42302
349.29584
382.84583
128.1484
358.96658
616.854
150.10568
204.33041
449.99432
377.3144
112.84504
371.68445
209.47537
160.77121
179.73929
404.85065
293.47842
370.0744
362.84064
226.83675
323.95743
111.08246
400.8545
204.80408
137.76291
398.1883
548.0777
229.22333
450.7193
321.4601
353.66858
270.3493
469.5091
321.3246
219.99747
309.1319
458.692
247.31511
315.68326
138.24612
338.51126
635.2554
337.09198
273.48215
214.38339
336.0343
381.19263
207.84
142.83722
160.90836
289.03644
402.9242
229.642
255.27554
234.18907
242.2596
120.785095
229.12479
195.31079
243.90945
159.62534
267.3286
315.75482
243.20912
223.9491
188.04456
236.0909
154.12808
163.6697
189.26154
407.97754
226.2648
336.27606
319.32593
279.406
279.76212
341.26553
242.25659
226.82014
310.9057
292.4215
193.06174
264.04797
283.89413
189.71533
264.53857
317.66406
284.1494
323.13242
607.0686
378.81976
476.8371
623.7789
445.60138
274.81165
533.7848
445.03232
470.1877
182.72008
519.4778
162.85852
567.37775
785.67566
482.4818
226.74043
352.38702
308.2432
124.13292
186.32358
168.656
434.62854
267.69012
437.03983
548.3998
414.0605
704.4906
103.858604
117.96423
313.8716
232.42609
350.74512
215.37277
361.52762
119.648865
472.96985
247.78778
171.70596
339.54147
137.89603
200.1029
362.80597
274.70056
390.36047
516.9355
282.31985
290.91788
245.24304
310.03857
148.8925
190.37701
297.8703
219.64584
254.73804
116.02327
405.29694
152.51253
271.7865
267.9507
222.15782
158.08151
268.79675
354.0076
403.5306
413.1312
249.4775
260.3968
133.89203
181.56154
309.32098
300.37402
310.03168
256.43683
366.95917
205.96844
606.2838
274.3023
331.05286
296.68518
132.48254
200.61237
309.61438
157.94235
349.0194
314.13428
243.1273
217.19629
147.9974
227.30367
173.42358
324.26276
329.45023
377.9807
212.25322
327.33737
239.72536
157.19766
241.39932
201.09514
264.26495
196.00995
182.18515
301.30054
193.47974
161.9222
236.15907
241.40617
232.45377
236.56845
305.77072
303.24042
263.6366
295.7289
289.7387
344.2072
317.83972
229.4989
213.91165
287.28845
199.79346
567.1812
177.39603
117.37874
425.17285
608.6316
309.38138
216.19513
199.21365
271.15488
325.8309
507.13022
634.89374
1020.6624
399.9203
326.89304
354.4668
462.39627
505.30737
274.3247
719.27014
441.9882
150.96191
431.50632
175.82437
406.96674
443.98703
261.34515
363.36505
282.33502
157.22227
92.99942
184.26614
175.02673
444.107
556.8905
495.0074
194.8523
467.3899
362.1124
255.05692
118.05574
332.9067
382.19794
114.0793
385.6244
278.3568
229.30034
289.16443
163.7156
128.51846
473.01736
298.69464
293.9609
270.61072
143.36588
122.457504
268.51703
347.4494
355.52884
390.9818
244.24124
387.62695
308.95212
338.03342
242.01814
314.24536
369.0169
265.1942
198.03061
315.17972
219.42142
190.26537
239.2125
297.77026
185.3699
224.08182
298.27313
223.37068
187.64471
241.13733
266.1454
303.65167
236.74605
230.16435
243.75273
202.12967
431.26538
222.46083
162.98828
200.47018
357.06207
281.22186
214.39395
257.34152
226.46272
230.67307
137.7766
310.3402
244.92267
157.87485
306.27713
144.68854
291.21936
138.552
296.29187
151.7369
213.14673
302.68054
350.2406
203.58406
347.89398
316.49002
329.3593
294.65472
313.22717
162.04544
203.76709
239.43567
267.02203
225.35715
266.12344
684.14355
200.03165
302.86508
494.45264
159.22836
578.27124
465.768
297.8507
371.7749
354.7573
445.6189
194.95778
333.6819
296.31708
460.43082
143.89929
651.99243
249.13684
347.45612
138.88083
261.5118
259.79596
252.86201
145.9024
420.95486
565.99255
436.03082
476.68387
316.95215
937.1703
158.10403
182.99423
366.76996
395.25027
310.96948
424.8994
275.16632
522.18005
109.59098
173.60367
239.8357
430.3218
321.09628
307.53055
376.18427
125.51102
182.84314
367.72266
313.84686
263.61426
258.88647
186.60098
229.43738
238.5789
197.14615
360.07385
152.67175
264.0376
133.82278
156.47147
294.7536
290.64313
287.1682
265.46408
171.11942
286.57895
336.0315
217.63199
527.21704
256.32648
288.97958
234.23009
384.49725
300.49622
241.38191
348.15356
412.02783
99.201675
308.30487
519.18353
425.43155
294.0913
158.89647
240.06105
159.31271
332.21472
123.853546
128.35965
299.0977
228.4521
184.89204
197.7675
268.67975
218.80112
211.47908
176.91579
207.28024
304.93964
346.57745
278.3451
306.60046
254.21935
207.17819
299.93726
193.88406
303.1319
199.3812
254.95767
264.2832
212.13155
329.87848
237.55139
412.32095
211.66565
233.97128
114.70765
332.9387
303.24155
170.96051
242.40997
229.14838
228.88892
147.78656
439.82776
472.0287
325.57413
93.65915
467.49533
562.0828
127.31592
394.6825
758.63477
721.97363
613.94775
501.2117
440.90182
441.3184
390.3215
354.7354
873.844
444.97842
150.10168
257.60086
160.95807
189.21199
322.52136
132.50189
174.3942
265.8681
266.08362
296.81494
359.98108
230.9528
291.9131
155.70203
429.9663
236.2561
110.59373
308.55365
210.9491
390.4087
176.4422
265.47662
553.13214
273.63843
390.88968
319.5465
430.37976
372.4964
118.31427
151.06972
503.006
337.5511
293.53442
365.2768
273.01318
173.13138
212.46985
177.98523
145.37048
276.06885
300.37207
201.88846
356.47742
358.3554
215.57382
277.54272
216.26407
254.09044
280.08215
216.93716
263.7326
258.2145
186.80844
291.11993
304.919
320.38385
216.66995
170.30508
195.24083
288.56427
114.47146
295.78516
403.0948
136.00134
167.60324
433.20154
283.0219
234.06848
304.60382
180.67795
396.966
230.47209
278.08798
349.68573
136.97995
242.50253
377.41345
179.04341
227.23505
230.44624
208.26099
174.38983
291.76135
245.48268
306.68292
314.33044
280.7101
341.29727
200.03946
327.6533
199.53192
316.80072
141.46954
241.37674
233.28494
304.9202
239.47801
228.70862
216.95886
270.43817
251.08362
551.7117
984.72754
492.4202
130.88329
211.71344
337.02686
400.63538
482.12198
111.99166
418.8014
159.36226
364.248
294.83905
466.4664
301.42267
226.88713
266.35403
363.86707
160.55606
510.78458
559.97485
257.30713
345.05573
732.9492
196.21654
639.7416
532.8683
256.72345
228.64629
171.22736
494.226
241.57047
515.66394
424.81604
207.53459
445.27124
303.12744
164.99387
356.1372
229.93613
465.1549
208.3293
428.55237
125.20863
305.7599
136.84018
443.90112
314.22314
388.0202
325.42108
294.661
245.83846
267.54962
221.10376
206.24074
218.503
291.0991
285.2744
148.60727
266.19666
312.30914
331.67847
376.22205
207.39133
377.22107
111.74266
138.50671
162.10364
298.5081
239.21967
391.05328
127.68268
295.10767
194.79858
355.57138
209.33644
282.49725
237.39441
307.6891
380.62292
280.8149
274.0476
263.87427
174.58621
190.13422
142.7973
326.10507
125.329926
179.89832
252.8989
220.15733
303.6597
225.58263
215.0878
342.75522
265.44885
350.2376
198.73172
112.44597
336.18564
316.76044
297.46912
235.6096
259.01083
241.45715
220.02435
183.74863
257.12848
153.2437
301.25116
196.19794
281.98047
179.4967
309.08643
311.5055
149.29979
294.81366
161.87975
253.61551
231.0699
249.67981
349.47278
466.43726
809.5435
332.693
373.08868
518.9958
570.9584
479.61432
539.20966
308.43372
106.55948
427.78442
455.4959
585.2533
407.6218
508.8898
272.84326
154.05579
145.53325
263.879
863.7999
140.79146
286.98355
141.02234
378.57663
187.87436
250.85675
258.65698
542.68463
392.5323
346.32697
260.97455
280.91772
221.30103
271.39905
434.16202
348.3908
231.10788
259.78345
194.45026
118.36457
166.1018
290.00293
439.0845
203.10956
183.02347
158.99194
263.79657
228.2083
169.8927
229.34238
381.23785
422.0745
274.1601
430.9535
220.11705
199.56718
296.4854
175.66177
299.63815
107.86063
295.8092
296.67245
328.16425
317.52762
119.32065
411.35675
187.6106
405.9297
320.36566
288.4676
140.95721
105.68562
195.8176
215.96341
361.32748
228.49722
376.47318
267.23276
262.29538
132.4945
178.36581
169.66634
263.7248
128.34311
238.32353
365.2021
237.13239
277.22485
174.64334
252.42946
223.29434
171.00693
345.6313
204.05295
288.89264
234.45734
287.9359
234.41542
194.31577
301.04404
253.01651
213.85295
292.42252
215.15398
141.88281
333.5003
214.46423
307.5853
232.89098
339.98126
312.4675
156.85205
163.80133
325.22064
329.4765
306.19412
332.04236
207.22993
231.28976
244.02226
156.64494
334.48712
560.19476
984.3967
662.97534
444.09186
121.61134
497.2896
539.4064
175.2432
424.85675
95.892685
497.83624
355.17212
459.43213
148.97029
161.38957
410.24475
273.16388
694.7387
275.1756
123.66757
214.57274
347.21896
186.2362
256.731
376.34894
381.5164
106.523605
444.32867
284.57983
198.03438
356.35754
383.38287
201.35287
445.7873
303.24246
601.2049
462.289
302.14685
193.17697
204.81235
427.62186
157.57623
291.9864
258.3193
114.748085
219.27448
316.30188
309.76254
352.11725
333.18445
306.47244
297.24164
155.7742
296.07288
120.67566
234.20346
177.074
234.59332
220.49454
181.74905
300.56757
318.49078
146.11963
193.33197
260.26395
145.77579
298.05853
363.4287
450.92606
409.91357
298.3634
442.5824
395.57294
304.9046
300.0862
224.72995
172.55927
188.69267
136.61972
271.55988
239.7409
251.63168
299.7713
267.9267
290.22748
179.31761
331.17416
131.18394
213.30829
242.43073
201.59981
201.90582
355.35004
186.3269
332.44577
236.31696
142.4043
255.60136
322.37152
201.75607
284.07263
280.79156
224.06052
283.5527
204.10376
221.3627
296.08496
247.97772
288.53284
255.71666
266.41623
287.28897
226.79022
151.2973
243.29561
223.23317
226.79605
172.12506
233.4665
161.58595
131.86292
321.59283
422.35468
303.56384
350.36194
292.9989
167.47958
939.4866
696.5594
162.12564
368.12448
140.58322
517.88904
432.67813
632.15094
327.0899
349.41016
157.49527
282.30353
443.58008
121.30726
364.07626
298.82208
388.3194
576.42456
240.949
96.28278
138.18396
232.00446
215.53316
106.47542
330.16675
456.55426
388.8745
186.84036
378.79788
439.46555
131.04297
151.25311
250.60098
221.95496
309.22083
358.39233
201.11592
435.5304
202.01765
204.00507
297.9739
295.26624
540.82965
566.9896
321.69507
299.8155
295.60986
291.5917
192.70255
432.75195
232.49777
501.72052
164.61852
164.74622
289.87354
440.63086
266.3548
391.82956
147.85455
261.96075
236.16647
266.03418
339.289
230.29231
328.31775
282.24506
287.5606
238.38565
281.9875
242.9799
119.39957
114.58409
122.4306
351.3867
185.43858
291.27972
297.32553
154.58392
209.54929
208.06828
174.71146
226.82275
331.75436
257.21103
263.85272
328.0746
188.44737
211.9618
325.5481
205.54373
175.93091
197.38535
176.79196
245.81384
386.6961
292.73535
273.82172
227.84009
220.84482
167.13507
257.18466
277.6192
307.57242
221.65916
255.50964
236.97293
335.23303
227.18498
192.71065
400.5508
219.23337
262.98126
257.14612
637.89
241.27124
540.66516
635.38306
126.35245
98.633514
391.6237
540.58777
437.60687
341.38477
157.13052
234.6354
917.34766
313.82
326.8823
137.38676
128.00137
212.21252
385.3662
109.26089
330.4269
121.00889
223.04102
346.05832
244.51779
465.66718
280.74988
379.86304
224.32346
321.4324
447.45386
189.39183
429.5715
140.5489
260.39545
146.45831
193.41313
425.79065
527.8953
269.7595
213.07071
227.00534
322.50095
261.4024
150.23376
107.83347
291.1698
232.95695
137.07639
240.85623
209.29852
361.43417
184.79163
254.11255
353.0607
562.6096
314.1359
400.55557
162.9008
230.4231
289.42456
423.39264
261.01523
277.90338
210.60344
188.64287
156.4845
269.5152
133.33347
152.2661
166.39838
292.18814
198.00946
184.09836
137.04762
164.86285
314.83496
332.91974
314.4933
300.8896
424.6352
486.43793
197.25201
395.77197
399.9651
237.52176
231.55814
168.12921
378.0019
270.8332
270.3568
226.09756
314.70502
244.70206
262.64246
336.2845
412.90784
414.51587
314.44296
245.52188
175.75786
194.6779
303.36102
259.10608
210.76968
270.38507
187.1731
205.88144
264.31778
172.22232
287.49567
220.45204
351.19287
275.2145
252.63985
301.7583
297.53387
296.39987
280.17728
298.8728
227.172
415.88107
376.2353
911.0276
208.93393
296.00098
211.73323
440.46143
549.88684
470.08246
390.37982
223.02512
333.88116
282.75043
288.8823
355.50867
292.88098
372.40005
179.62613
279.28937
597.6805
229.42557
275.1474
289.3128
205.68254
451.44415
220.8909
397.16763
253.23053
256.04123
154.28244
400.06354
502.3598
348.05807
403.34164
212.7723
209.70619
105.857956
217.77126
318.6333
406.63916
93.34829
154.90897
228.08432
123.86522
440.00586
274.88257
118.63204
609.67993
251.31393
348.14978
118.93664
303.877
543.42883
362.11267
166.72124
142.47652
184.58871
185.57584
229.21475
627.7173
172.91415
485.0437
365.47217
299.77637
281.5091
351.29333
306.42432
169.30002
257.60663
258.8123
437.60773
378.97467
425.89
209.02618
221.61127
332.9021
299.5042
190.4173
288.9079
326.87045
237.29276
230.08969
137.39287
293.90518
248.2225
114.18113
278.34814
254.44348
212.25534
283.6856
323.53308
193.16138
314.85556
193.58286
135.2992
274.3167
229.67001
138.8895
148.80206
192.34033
260.3488
257.49683
306.47162
230.6985
254.76503
256.97137
137.80753
135.41899
220.60095
151.04372
320.55258
268.94974
172.05515
331.83417
205.2713
273.7396
238.52814
294.69537
188.43997
160.01796
229.323
134.4154
436.69354
124.84619
421.34412
226.20676
229.9728
547.2814
323.16437
391.5879
371.40692
447.45972
240.68753
481.90405
529.699
593.6675
392.39233
402.51172
563.9339
109.699615
731.8467
143.07608
258.24377
167.81322
836.10333
303.52985
210.42041
272.208
289.9522
377.38324
132.15637
291.9695
146.86996
283.47546
192.16046
140.2699
243.3103
206.43044
96.80464
350.3055
422.8045
171.70479
215.89807
167.09683
144.07945
445.53107
157.15866
213.72485
226.77779
133.4436
476.79535
327.45148
326.25964
209.56891
108.956985
337.68802
319.90842
178.73596
334.92572
397.7849
269.52765
460.05823
270.79236
214.78296
295.20496
424.03775
206.6912
336.2843
182.3811
295.41992
383.5179
228.62677
250.0592
154.80576
193.3172
347.96506
185.41321
312.9249
294.11667
117.94735
188.77618
142.61633
282.14224
191.06754
219.55853
267.4124
243.52536
251.19214
253.20432
189.1708
188.68954
272.17035
402.83972
309.04935
270.7487
298.12085
228.99696
173.68141
348.98627
330.51642
247.25487
284.86215
342.8272
358.46063
186.92879
231.35455
232.21681
197.63217
159.67607
301.56213
227.02792
117.27416
282.2918
257.80453
211.57257
273.45898
303.55963
260.44598
288.1316
298.74454
244.46335
284.51093
510.22388
651.0493
312.31433
328.1615
96.49451
484.74576
465.19635
354.58786
706.5401
908.7595
202.06343
545.27045
218.30136
113.63362
525.23865
149.10454
352.85052
403.5927
209.52664
142.00128
105.78037
191.9248
344.2669
156.79666
284.5786
400.2801
182.74619
383.95154
374.4256
161.51645
194.07431
498.47668
218.43472
380.91467
288.78384
433.11163
445.9048
475.65097
224.96716
282.4268
416.33505
318.8858
335.27225
351.25717
421.03638
202.62177
110.24846
250.00674
288.7636
396.00754
358.70477
157.98091
273.18774
230.44727
259.65918
312.51346
288.73
221.5989
321.44382
141.42073
160.73734
172.00346
292.01785
148.54907
254.17566
427.5783
275.44812
299.11047
198.86305
123.80555
281.82275
213.13353
117.15712
294.12833
137.41418
227.7284
186.13916
178.58179
335.63672
230.65106
252.77286
290.26837
295.01395
187.98325
355.73618
225.75706
274.268
268.41547
247.98119
202.97162
282.79456
134.74039
123.167816
145.7446
354.28372
322.63525
227.27606
163.65785
255.39934
229.97571
155.80763
214.22025
239.79358
243.41647
190.1488
233.91492
257.24982
179.58546
288.26215
263.6305
296.7496
262.5058
198.02797
297.9214
247.40186
282.60712
312.91907
224.80182
240.29279
262.17358
253.98454
187.79529
324.5398
350.55096
783.52594
163.83295
107.849976
535.4858
137.32497
368.53516
250.66054
144.31451
411.05704
557.52795
283.01038
427.68152
504.79413
419.8615
220.24026
284.42822
272.2191
336.79895
428.41046
190.56921
601.5032
307.63092
426.96985
142.72992
296.76184
246.4209
259.1393
283.51865
285.9943
115.17915
270.84122
276.99695
331.54785
206.10754
157.37872
511.7452
429.7132
447.07797
173.03366
478.7765
117.37874
193.81215
370.7932
224.77687
231.75732
295.28522
412.91733
395.70483
222.60825
189.51782
153.22018
326.3896
209.60464
183.74564
786.09326
277.94824
319.2381
218.68225
372.17252
144.04877
455.53113
258.4423
348.4067
197.81654
322.6571
225.27214
260.7743
311.05273
153.8265
218.02457
90.41748
284.41437
256.76837
357.26642
173.87836
197.8501
171.6948
248.1159
250.6572
380.19025
293.9792
337.99484
301.75146
254.97226
241.32805
241.30753
116.68164
257.14807
293.58728
137.84665
220.88382
217.37805
203.09084
149.1589
244.79306
226.7439
175.43723
117.76213
193.78616
224.01472
186.25113
311.38208
196.42358
352.66006
296.1364
328.5736
244.06683
163.71231
285.30383
279.48645
194.71591
298.1777
278.0608
219.46356
135.02394
153.60382
244.73401
256.30438
522.64435
369.1231
380.23767
535.93475
301.27252
332.11572
599.1919
416.43372
199.10309
188.39178
450.04068
147.01376
219.39545
296.81445
224.92026
370.3775
103.230965
798.69293
292.20065
774.1533
468.87097
330.5381
477.16724
407.18097
523.3013
216.82718
429.74326
198.32788
405.57465
152.74158
417.11063
414.1789
215.61905
260.78574
271.96814
134.53091
94.41007
328.04266
308.62247
314.1536
475.81235
251.08235
114.91763
249.7034
432.8142
118.9216
319.06592
211.33163
181.09631
165.3096
214.54173
367.72137
367.6823
258.97742
114.00719
138.59744
344.61035
352.76987
294.30585
355.60947
198.72253
138.6528
165.89561
380.88776
321.34766
333.3527
244.9457
370.4787
276.91077
126.7886
257.24725
151.38779
193.6127
220.71048
201.19202
288.81885
153.67603
150.13985
272.70117
284.5841
291.81506
224.61111
215.87134
239.89629
296.75156
159.44016
311.73758
287.11584
301.8578
182.64168
294.17368
230.8739
229.64905
293.914
250.74796
165.81898
142.49258
199.1551
179.95288
214.51137
287.24274
266.51562
268.6967
181.08633
228.21866
258.68597
291.08478
289.59497
195.43504
263.46216
188.29674
120.277145
211.6448
245.35297
276.58844
141.2666
244.76904
243.65047
266.8927
194.34389
230.08968
629.71954
151.53598
256.1438
213.15611
104.40886
180.74974
345.0672
463.3819
222.72021
526.0886
344.99487
443.32596
314.2824
427.18396
503.51337
129.25153
319.5733
246.92847
273.35724
373.1981
415.30945
287.82092
248.02142
242.76349
401.00174
166.60323
453.24597
420.33414
154.32225
137.44283
532.2351
191.50677
328.00778
155.21407
217.20833
370.07184
401.19946
630.2478
306.52295
343.54623
748.8992
156.97144
284.95648
288.77643
225.99384
350.24088
311.20312
196.06013
188.98157
254.20961
346.7992
104.68054
405.68378
194.84454
429.28943
322.0766
118.32155
268.84015
400.43555
141.07822
184.29489
178.9991
216.99586
377.96368
180.4318
326.9267
363.8349
147.99449
211.41534
119.24324
549.8911
160.51402
282.10156
225.54941
339.43826
258.62427
258.50082
107.24864
248.3565
297.7723
255.057
206.14482
224.73398
111.425674
281.2139
249.34413
171.2305
191.3916
264.01654
223.6811
142.68777
269.66635
195.16432
219.81653
230.11276
125.41618
182.69649
283.96075
170.58954
189.4613
233.18365
250.47522
465.22888
295.29218
306.5978
153.28403
282.7881
298.8949
294.0159
204.03049
256.8932
278.34064
309.09332
260.18317
306.6178
271.87808
222.76434
244.06091
183.68375
223.64175
262.49506
181.01035
628.29425
909.38477
111.6926
137.55774
345.4662
587.5115
353.23474
257.74255
357.7458
195.29053
109.6286
375.83594
495.0244
350.54065
521.02673
229.78743
190.82419
280.92023
413.85742
276.2513
212.97751
94.77219
159.18184
282.59314
152.91946
522.5767
293.70526
141.22636
307.59912
410.80518
510.91898
349.65436
251.94727
323.96475
256.96744
127.78903
311.1632
249.92365
436.9681
146.86145
421.58313
287.984
153.3445
176.84439
409.26718
190.98318
226.14365
162.96277
451.34845
471.4132
207.17006
271.79196
215.08725
261.15234
413.09418
246.55267
156.67244
108.98951
211.53894
383.5193
494.66895
194.25073
190.91602
259.87573
113.31671
321.0001
178.29892
272.9831
136.306
145.62546
388.53467
330.9547
184.5143
278.12152
223.2936
337.48083
260.66937
338.902
172.1326
122.28775
258.79257
288.2718
330.1563
133.1463
144.31866
385.7149
318.48428
197.70235
284.95648
205.18773
279.3604
175.79494
217.44754
363.0039
224.93083
291.63037
253.3331
345.55444
178.74983
191.30713
241.76431
285.9784
243.93973
239.79112
255.44052
277.2201
211.31174
230.116
224.53378
234.73436
280.86688
227.37247
230.7461
294.64377
210.72061
285.56232
220.25699
306.2767
282.17273
236.56589
469.15628
146.43144
149.20279
615.0568
349.4963
518.3717
390.97192
189.84103
526.079
490.4162
414.70596
314.99475
104.078804
442.6447
200.13916
340.82355
518.20935
232.46895
230.15485
692.0597
329.64175
298.60257
204.23798
127.51386
178.34811
229.14853
166.29254
349.48892
151.29976
814.2091
333.96948
279.48572
253.43399
279.02805
189.27574
243.64958
247.14069
284.02026
395.8177
99.59956
285.2229
178.1115
254.04887
165.10571
281.41815
195.32014
232.5115
294.43365
251.75233
202.61102
275.16272
414.31403
442.3953
180.43726
291.24707
426.79968
411.6267
220.4588
152.99393
217.99405
195.68478
362.28766
366.0959
192.13043
348.07013
220.36983
174.23428
199.10222
205.95319
275.92407
263.4596
152.25612
331.2647
213.44827
250.7586
422.6943
421.97546
151.15286
318.31757
181.21823
137.61752
110.20361
278.08368
374.8913
384.81067
333.1489
283.32092
216.79031
286.75748
274.12646
275.15253
261.27563
136.82736
250.58792
213.55106
229.8011
248.6583
359.6302
298.75452
233.52013
130.2762
214.83142
237.27954
107.16637
310.7074
255.17236
213.92429
315.77542
299.26437
284.11554
313.14334
252.9281
330.2245
243.12053
124.605255
172.70944
184.04951
115.27492
140.89005
149.5129
253.48271
173.44662
443.97095
157.0923
280.73105
215.4014
275.54648
279.6762
655.0326
549.9316
115.19144
425.10977
256.64807
444.81506
419.35614
377.0564
531.48193
411.2021
875.4098
267.16275
582.12744
400.94308
166.72003
476.82843
511.42615
358.38147
475.27887
293.63965
137.03815
262.02148
278.51062
340.08112
224.76007
419.11694
226.85356
144.17288
415.80292
279.08768
306.3846
267.42615
252.27698
178.73096
89.33275
337.39322
381.62177
284.60864
109.267685
115.65868
135.40077
135.6528
235.02267
174.93997
277.8401
274.43045
228.62265
123.1057
166.77853
264.01184
153.94922
250.08676
221.17337
328.13788
368.9803
210.90543
219.1453
290.49393
162.55121
302.55606
194.4823
192.0745
321.63556
322.33386
211.88176
246.76486
274.24835
331.09375
150.21387
198.83424
109.90936
245.71255
175.44429
221.51675
259.28705
345.8771
245.52399
420.0562
151.11389
221.03786
191.30371
184.65234
290.1646
286.9171
335.8727
218.42216
203.56859
123.69496
129.99326
235.85907
212.05865
204.76788
157.73453
310.85675
216.7125
198.64618
370.1424
152.9946
250.61145
251.60144
285.30078
307.92377
301.90958
280.4878
323.3288
250.66824
370.48688
283.74158
269.2672
326.42114
190.07127
186.71863
229.56989
182.96243
285.713
286.7189
339.042
310.66452
419.43988
833.4699
187.9523
220.28354
372.24982
275.37683
220.25
242.63647
401.88544
363.04163
342.83063
322.1491
526.9112
414.41467
493.47177
238.4386
88.00866
422.59167
304.1681
362.66675
223.21344
553.17554
298.99722
244.29683
212.64041
293.07834
464.77884
175.44559
115.7324
126.95741
147.4661
196.56311
316.29156
141.85806
200.7352
123.4097
143.46262
400.3943
258.85986
436.21674
362.1717
378.8877
367.6451
277.74496
167.44173
153.01616
103.165596
207.24452
242.66058
505.28033
157.34354
250.80219
731.7488
196.29553
290.22403
166.70258
343.77206
141.6395
293.02127
488.5313
134.50586
492.576
452.20703
228.06012
251.71791
213.45178
231.48868
137.50372
192.72101
412.61578
211.84598
181.08093
327.30914
259.1709
185.85472
270.87415
272.201
112.937164
253.55264
139.13647
268.23004
355.15045
330.15784
282.86975
210.40477
280.2002
197.73929
110.15076
277.34418
287.98358
226.0561
219.42548
252.99176
182.3176
279.54407
178.5874
178.92825
247.96768
269.52283
163.39066
281.13998
192.61969
237.2508
281.18518
313.58063
227.40929
266.4112
211.33636
210.64346
319.15854
136.61957
321.1715
183.8338
282.18024
194.69766
222.53665
251.07668
356.6305
218.68544
251.98393
474.063
444.3292
405.693
246.7826
406.24402
177.39648
148.95248
445.41714
517.1912
138.83926
549.4325
379.9972
141.92603
274.02426
605.4644
223.69293
383.41928
119.86772
865.402
109.15587
480.74512
618.9995
333.12402
283.53186
176.35599
224.93242
274.56616
252.50055
375.0339
276.91425
142.79866
287.37833
317.24957
183.73123
342.66907
510.96973
207.8154
427.9742
391.8527
271.75717
265.53384
419.67746
284.13193
159.44751
183.83041
332.48395
190.7309
143.72865
354.74127
276.91766
213.07095
342.8708
267.3947
147.83069
224.05704
330.71426
242.69028
246.965
218.68929
202.55234
105.44398
263.7058
369.4705
167.61191
235.93692
386.5661
269.13007
245.6409
190.11035
333.80453
256.0732
228.80383
276.09457
122.99026
123.974
139.8721
285.90414
140.61623
305.884
189.80794
129.80605
278.34454
95.09516
308.55774
284.66962
297.0136
389.59375
180.98563
215.12122
119.4321
211.25816
195.52448
201.5267
154.61214
314.41742
138.3919
283.7644
277.97314
196.73788
302.31735
181.98569
247.91129
209.57968
297.46613
188.68576
317.7839
167.95703
240.11005
250.37222
234.87051
300.9569
243.66495
186.79147
240.74976
212.2905
287.06662
227.58662
208.94727
143.53322
386.45016
302.19348
103.18873
356.37445
523.14844
221.33658
242.52744
407.45874
206.43695
185.20392
272.47012
859.24744
446.90143
254.85033
273.42078
150.93347
99.341156
238.63553
655.2429
106.74649
484.33035
201.09967
267.24292
423.67767
294.86676
219.54112
139.83981
573.1193
490.12744
413.8259
155.9763
268.30026
171.5564
459.82797
450.18713
280.0607
355.71283
174.20645
188.63528
118.65134
316.50772
360.33624
182.39978
275.06024
378.3629
315.8539
504.1878
141.06044
212.95035
263.16235
403.6897
163.05151
275.3487
303.25092
176.46408
295.69696
248.91391
389.52298
213.7735
346.67053
291.83057
342.7998
416.01553
154.09094
187.2728
277.37195
109.15115
230.49869
143.72232
244.73074
342.40042
243.93542
274.28528
174.52568
267.73267
211.40553
360.27234
134.41202
335.89813
211.47064
267.22992
239.83186
197.02039
312.27692
178.30981
363.19083
247.10196
314.95215
245.55267
193.09296
128.36986
220.6326
286.13763
279.46466
216.00665
160.33286
181.65872
161.68414
223.40656
218.33473
254.14537
228.09637
128.95317
321.90964
230.15555
141.62946
327.3592
201.1634
261.58667
286.12512
284.41772
223.72308
278.0675
253.71323
207.00198
211.82169
292.06854
253.73889
119.716225
169.81114
99.532005
358.49585
323.85538
216.44217
432.7078
97.83847
142.71503
865.22864
431.6267
154.57414
173.5918
283.5667
496.25732
340.35156
520.1084
281.85315
402.03595
213.0842
345.0198
279.97485
459.89807
433.12125
220.86499
564.83716
442.94345
283.042
291.9449
184.77615
634.595
184.20667
452.49817
268.40198
133.06128
127.54541
321.40088
241.77982
417.72433
223.28865
172.65845
389.25494
185.1322
209.73712
376.42664
117.22099
421.41373
107.52674
150.75058
246.01254
248.22592
418.74988
135.15753
189.9317
245.93042
246.07335
187.29965
203.96121
278.88452
328.08594
142.56151
279.12762
398.48853
251.91684
240.44604
116.42503
300.854
126.47597
298.45505
156.69519
328.53375
494.05988
273.25427
226.15875
229.37076
138.79659
360.96497
272.16437
146.89493
300.818
223.5791
328.94614
346.96066
232.45831
212.85901
256.82196
279.88373
223.30017
205.33514
149.28943
274.49713
338.92328
268.4208
310.4008
157.95613
200.36244
241.81421
199.7374
192.96149
160.50342
229.38129
142.3508
198.93828
194.84589
221.96362
138.34442
275.9803
275.89935
318.96817
296.96033
178.56161
265.453
235.21347
241.88922
185.46915
263.84695
287.81198
186.62265
205.08148
263.30566
310.08612
258.2301
275.48117
